                                kicad schematic
                                Transient Analysis  Mon Jun 22 20:01:16  2026
--------------------------------------------------------------------------------
Index   time            e.x1.e1#branch  v1#branch       v2#branch       
--------------------------------------------------------------------------------
0	0.000000e+00	0.000000e+00	0.000000e+00	-5.00000e-09	
1	1.000000e-11	-6.79855e-09	-6.25485e-13	-5.00000e-09	
2	1.449680e-11	-1.12277e-08	-9.06181e-13	-5.00000e-09	
3	2.349041e-11	-2.28245e-08	-1.46643e-12	-5.00000e-09	
4	4.147763e-11	-6.23818e-08	-2.58012e-12	-5.00000e-09	
5	7.745207e-11	-2.06290e-07	-4.78048e-12	-5.00000e-09	
6	1.494009e-10	-7.48086e-07	-9.07528e-12	-5.00000e-09	
7	2.932987e-10	-2.80745e-06	-1.72577e-11	-5.00000e-09	
8	5.810942e-10	-1.05299e-05	-3.21156e-11	-5.00000e-09	
9	1.156685e-09	-3.82990e-05	-5.66547e-11	-5.00000e-09	
10	2.156685e-09	-1.16197e-04	-8.66789e-11	-5.00000e-09	
11	3.156685e-09	-2.20466e-04	-1.05182e-10	-5.00000e-09	
12	4.156685e-09	-3.40788e-04	-1.16218e-10	-5.00000e-09	
13	5.156685e-09	-4.70438e-04	-1.22349e-10	-5.00000e-09	
14	6.156685e-09	-6.04963e-04	-1.25192e-10	-5.00000e-09	
15	7.156685e-09	-7.41347e-04	-1.25772e-10	-5.00000e-09	
16	8.156685e-09	-8.77482e-04	-1.24739e-10	-5.00000e-09	
17	9.156685e-09	-1.01184e-03	-1.22511e-10	-5.00000e-09	
18	1.015669e-08	-1.14328e-03	-1.19355e-10	-5.00000e-09	
19	1.115669e-08	-1.27087e-03	-1.15449e-10	-5.00000e-09	
20	1.215669e-08	-1.39387e-03	-1.10910e-10	-5.00000e-09	
21	1.315669e-08	-1.51164e-03	-1.05822e-10	-5.00000e-09	
22	1.415669e-08	-1.62361e-03	-1.00246e-10	-5.00000e-09	
23	1.515669e-08	-1.72928e-03	-9.42304e-11	-5.00000e-09	
24	1.615669e-08	-1.82819e-03	-8.78149e-11	-5.00000e-09	
25	1.715669e-08	-1.91993e-03	-8.10351e-11	-5.00000e-09	
26	1.815669e-08	-2.00412e-03	-7.39244e-11	-5.00000e-09	
27	1.915669e-08	-2.08042e-03	-6.65150e-11	-5.00000e-09	
28	2.015669e-08	-2.14851e-03	-5.88386e-11	-5.00000e-09	
29	2.115669e-08	-2.20814e-03	-5.09273e-11	-5.00000e-09	
30	2.215669e-08	-2.25905e-03	-4.28132e-11	-5.00000e-09	
31	2.315669e-08	-2.30105e-03	-3.45290e-11	-5.00000e-09	
32	2.415669e-08	-2.33397e-03	-2.61079e-11	-5.00000e-09	
33	2.515669e-08	-2.35768e-03	-1.75832e-11	-5.00000e-09	
34	2.615669e-08	-2.37209e-03	-8.98896e-12	-5.00000e-09	
35	2.715669e-08	-2.37714e-03	-3.59014e-13	-5.00000e-09	
36	2.815669e-08	-2.37280e-03	8.272456e-12	-5.00000e-09	
37	2.915669e-08	-2.35910e-03	1.687135e-11	-5.00000e-09	
38	3.015669e-08	-2.33609e-03	2.540370e-11	-5.00000e-09	
39	3.115669e-08	-2.30386e-03	3.383583e-11	-5.00000e-09	
40	3.215669e-08	-2.26254e-03	4.213443e-11	-5.00000e-09	
41	3.315669e-08	-2.21229e-03	5.026677e-11	-5.00000e-09	
42	3.415669e-08	-2.15331e-03	5.820073e-11	-5.00000e-09	
43	3.515669e-08	-2.08583e-03	6.590500e-11	-5.00000e-09	
44	3.615669e-08	-2.01012e-03	7.334918e-11	-5.00000e-09	
45	3.715669e-08	-1.92648e-03	8.050388e-11	-5.00000e-09	
46	3.815669e-08	-1.83523e-03	8.734087e-11	-5.00000e-09	
47	3.915669e-08	-1.73674e-03	9.383317e-11	-5.00000e-09	
48	4.015669e-08	-1.63139e-03	9.995516e-11	-5.00000e-09	
49	4.115669e-08	-1.51961e-03	1.056827e-10	-5.00000e-09	
50	4.215669e-08	-1.40183e-03	1.109931e-10	-5.00000e-09	
51	4.315669e-08	-1.27852e-03	1.158655e-10	-5.00000e-09	
52	4.415669e-08	-1.15016e-03	1.202806e-10	-5.00000e-09	
53	4.515669e-08	-1.01726e-03	1.242210e-10	-5.00000e-09	
54	4.615669e-08	-8.80353e-04	1.276712e-10	-5.00000e-09	

Index   time            e.x1.e1#branch  v1#branch       v2#branch       
--------------------------------------------------------------------------------
55	4.715669e-08	-7.39967e-04	1.306175e-10	-5.00000e-09	
56	4.815669e-08	-5.96661e-04	1.330484e-10	-5.00000e-09	
57	4.915669e-08	-4.51000e-04	1.349541e-10	-5.00000e-09	
58	5.015669e-08	-3.03559e-04	1.363273e-10	-5.00000e-09	
59	5.115669e-08	-1.54920e-04	1.371624e-10	-5.00000e-09	
60	5.215669e-08	-5.66932e-06	1.374562e-10	-5.00000e-09	
61	5.315669e-08	1.436035e-04	1.372075e-10	-5.00000e-09	
62	5.415669e-08	2.923095e-04	1.364174e-10	-5.00000e-09	
63	5.515669e-08	4.398619e-04	1.350888e-10	-5.00000e-09	
64	5.615669e-08	5.856784e-04	1.332272e-10	-5.00000e-09	
65	5.715669e-08	7.291835e-04	1.308397e-10	-5.00000e-09	
66	5.815669e-08	8.698108e-04	1.279359e-10	-5.00000e-09	
67	5.915669e-08	1.007005e-03	1.245272e-10	-5.00000e-09	
68	6.015669e-08	1.140226e-03	1.206270e-10	-5.00000e-09	
69	6.115669e-08	1.268946e-03	1.162508e-10	-5.00000e-09	
70	6.215669e-08	1.392659e-03	1.114157e-10	-5.00000e-09	
71	6.315669e-08	1.510875e-03	1.061410e-10	-5.00000e-09	
72	6.415669e-08	1.623129e-03	1.004474e-10	-5.00000e-09	
73	6.515669e-08	1.728976e-03	9.435733e-11	-5.00000e-09	
74	6.615669e-08	1.828001e-03	8.789490e-11	-5.00000e-09	
75	6.715669e-08	1.919811e-03	8.108559e-11	-5.00000e-09	
76	6.815669e-08	2.004044e-03	7.395627e-11	-5.00000e-09	
77	6.915669e-08	2.080369e-03	6.653508e-11	-5.00000e-09	
78	7.015669e-08	2.148483e-03	5.885131e-11	-5.00000e-09	
79	7.115669e-08	2.208118e-03	5.093528e-11	-5.00000e-09	
80	7.215669e-08	2.259039e-03	4.281823e-11	-5.00000e-09	
81	7.315669e-08	2.301044e-03	3.453219e-11	-5.00000e-09	
82	7.415669e-08	2.333968e-03	2.610987e-11	-5.00000e-09	
83	7.515669e-08	2.357681e-03	1.758451e-11	-5.00000e-09	
84	7.615669e-08	2.372089e-03	8.989755e-12	-5.00000e-09	
85	7.715669e-08	2.377136e-03	3.595173e-13	-5.00000e-09	
86	7.815669e-08	2.372801e-03	-8.27214e-12	-5.00000e-09	
87	7.915669e-08	2.359102e-03	-1.68711e-11	-5.00000e-09	
88	8.015669e-08	2.336092e-03	-2.54036e-11	-5.00000e-09	
89	8.115669e-08	2.303864e-03	-3.38357e-11	-5.00000e-09	
90	8.215669e-08	2.262542e-03	-4.21344e-11	-5.00000e-09	
91	8.315669e-08	2.212292e-03	-5.02667e-11	-5.00000e-09	
92	8.415669e-08	2.153311e-03	-5.82007e-11	-5.00000e-09	
93	8.515669e-08	2.085831e-03	-6.59050e-11	-5.00000e-09	
94	8.615669e-08	2.010120e-03	-7.33492e-11	-5.00000e-09	
95	8.715669e-08	1.926476e-03	-8.05039e-11	-5.00000e-09	
96	8.815669e-08	1.835228e-03	-8.73409e-11	-5.00000e-09	
97	8.915669e-08	1.736738e-03	-9.38332e-11	-5.00000e-09	
98	9.015669e-08	1.631394e-03	-9.99552e-11	-5.00000e-09	
99	9.115669e-08	1.519612e-03	-1.05683e-10	-5.00000e-09	
100	9.215669e-08	1.401832e-03	-1.10993e-10	-5.00000e-09	
101	9.315669e-08	1.278520e-03	-1.15865e-10	-5.00000e-09	
102	9.415669e-08	1.150162e-03	-1.20281e-10	-5.00000e-09	
103	9.515669e-08	1.017265e-03	-1.24221e-10	-5.00000e-09	
104	9.615669e-08	8.803532e-04	-1.27671e-10	-5.00000e-09	
105	9.715669e-08	7.399672e-04	-1.30618e-10	-5.00000e-09	
106	9.815669e-08	5.966608e-04	-1.33048e-10	-5.00000e-09	
107	9.915669e-08	4.509997e-04	-1.34954e-10	-5.00000e-09	
108	1.001567e-07	3.035587e-04	-1.36327e-10	-5.00000e-09	
109	1.011567e-07	1.549197e-04	-1.37162e-10	-5.00000e-09	
110	1.021567e-07	5.669320e-06	-1.37456e-10	-5.00000e-09	
111	1.031567e-07	-1.43603e-04	-1.37208e-10	-5.00000e-09	
112	1.041567e-07	-2.92309e-04	-1.36417e-10	-5.00000e-09	

Index   time            e.x1.e1#branch  v1#branch       v2#branch       
--------------------------------------------------------------------------------
113	1.051567e-07	-4.39862e-04	-1.35089e-10	-5.00000e-09	
114	1.061567e-07	-5.85678e-04	-1.33227e-10	-5.00000e-09	
115	1.071567e-07	-7.29184e-04	-1.30840e-10	-5.00000e-09	
116	1.081567e-07	-8.69811e-04	-1.27936e-10	-5.00000e-09	
117	1.091567e-07	-1.00701e-03	-1.24527e-10	-5.00000e-09	
118	1.101567e-07	-1.14023e-03	-1.20627e-10	-5.00000e-09	
119	1.111567e-07	-1.26895e-03	-1.16251e-10	-5.00000e-09	
120	1.121567e-07	-1.39266e-03	-1.11416e-10	-5.00000e-09	
121	1.131567e-07	-1.51088e-03	-1.06141e-10	-5.00000e-09	
122	1.141567e-07	-1.62313e-03	-1.00447e-10	-5.00000e-09	
123	1.151567e-07	-1.72898e-03	-9.43573e-11	-5.00000e-09	
124	1.161567e-07	-1.82800e-03	-8.78949e-11	-5.00000e-09	
125	1.171567e-07	-1.91981e-03	-8.10856e-11	-5.00000e-09	
126	1.181567e-07	-2.00404e-03	-7.39563e-11	-5.00000e-09	
127	1.191567e-07	-2.08037e-03	-6.65351e-11	-5.00000e-09	
128	1.201567e-07	-2.14848e-03	-5.88513e-11	-5.00000e-09	
129	1.211567e-07	-2.20812e-03	-5.09353e-11	-5.00000e-09	
130	1.221567e-07	-2.25904e-03	-4.28182e-11	-5.00000e-09	
131	1.231567e-07	-2.30104e-03	-3.45322e-11	-5.00000e-09	
132	1.241567e-07	-2.33397e-03	-2.61099e-11	-5.00000e-09	
133	1.251567e-07	-2.35768e-03	-1.75845e-11	-5.00000e-09	
134	1.261567e-07	-2.37209e-03	-8.98975e-12	-5.00000e-09	
135	1.271567e-07	-2.37714e-03	-3.59517e-13	-5.00000e-09	
136	1.281567e-07	-2.37280e-03	8.272139e-12	-5.00000e-09	
137	1.291567e-07	-2.35910e-03	1.687115e-11	-5.00000e-09	
138	1.301567e-07	-2.33609e-03	2.540358e-11	-5.00000e-09	
139	1.311567e-07	-2.30386e-03	3.383575e-11	-5.00000e-09	
140	1.321567e-07	-2.26254e-03	4.213438e-11	-5.00000e-09	
141	1.331567e-07	-2.21229e-03	5.026673e-11	-5.00000e-09	
142	1.341567e-07	-2.15331e-03	5.820071e-11	-5.00000e-09	
143	1.351567e-07	-2.08583e-03	6.590499e-11	-5.00000e-09	
144	1.361567e-07	-2.01012e-03	7.334917e-11	-5.00000e-09	
145	1.371567e-07	-1.92648e-03	8.050388e-11	-5.00000e-09	
146	1.381567e-07	-1.83523e-03	8.734087e-11	-5.00000e-09	
147	1.391567e-07	-1.73674e-03	9.383317e-11	-5.00000e-09	
148	1.401567e-07	-1.63139e-03	9.995516e-11	-5.00000e-09	
149	1.411567e-07	-1.51961e-03	1.056827e-10	-5.00000e-09	
150	1.421567e-07	-1.40183e-03	1.109931e-10	-5.00000e-09	
151	1.431567e-07	-1.27852e-03	1.158655e-10	-5.00000e-09	
152	1.441567e-07	-1.15016e-03	1.202806e-10	-5.00000e-09	
153	1.451567e-07	-1.01726e-03	1.242210e-10	-5.00000e-09	
154	1.461567e-07	-8.80353e-04	1.276712e-10	-5.00000e-09	
155	1.471567e-07	-7.39967e-04	1.306175e-10	-5.00000e-09	
156	1.481567e-07	-5.96661e-04	1.330484e-10	-5.00000e-09	
157	1.491567e-07	-4.51000e-04	1.349541e-10	-5.00000e-09	
158	1.501567e-07	-3.03559e-04	1.363273e-10	-5.00000e-09	
159	1.511567e-07	-1.54920e-04	1.371624e-10	-5.00000e-09	
160	1.521567e-07	-5.66932e-06	1.374562e-10	-5.00000e-09	
161	1.531567e-07	1.436035e-04	1.372075e-10	-5.00000e-09	
162	1.541567e-07	2.923095e-04	1.364174e-10	-5.00000e-09	
163	1.551567e-07	4.398619e-04	1.350888e-10	-5.00000e-09	
164	1.561567e-07	5.856784e-04	1.332272e-10	-5.00000e-09	
165	1.571567e-07	7.291835e-04	1.308397e-10	-5.00000e-09	
166	1.581567e-07	8.698108e-04	1.279359e-10	-5.00000e-09	
167	1.591567e-07	1.007005e-03	1.245272e-10	-5.00000e-09	
168	1.601567e-07	1.140226e-03	1.206270e-10	-5.00000e-09	
169	1.611567e-07	1.268946e-03	1.162508e-10	-5.00000e-09	
170	1.621567e-07	1.392659e-03	1.114157e-10	-5.00000e-09	

Index   time            e.x1.e1#branch  v1#branch       v2#branch       
--------------------------------------------------------------------------------
171	1.631567e-07	1.510875e-03	1.061410e-10	-5.00000e-09	
172	1.641567e-07	1.623129e-03	1.004474e-10	-5.00000e-09	
173	1.651567e-07	1.728976e-03	9.435733e-11	-5.00000e-09	
174	1.661567e-07	1.828001e-03	8.789490e-11	-5.00000e-09	
175	1.671567e-07	1.919811e-03	8.108559e-11	-5.00000e-09	
176	1.681567e-07	2.004044e-03	7.395627e-11	-5.00000e-09	
177	1.691567e-07	2.080369e-03	6.653508e-11	-5.00000e-09	
178	1.701567e-07	2.148483e-03	5.885131e-11	-5.00000e-09	
179	1.711567e-07	2.208118e-03	5.093528e-11	-5.00000e-09	
180	1.721567e-07	2.259039e-03	4.281823e-11	-5.00000e-09	
181	1.731567e-07	2.301044e-03	3.453219e-11	-5.00000e-09	
182	1.741567e-07	2.333968e-03	2.610987e-11	-5.00000e-09	
183	1.751567e-07	2.357681e-03	1.758451e-11	-5.00000e-09	
184	1.761567e-07	2.372089e-03	8.989755e-12	-5.00000e-09	
185	1.771567e-07	2.377136e-03	3.595173e-13	-5.00000e-09	
186	1.781567e-07	2.372801e-03	-8.27214e-12	-5.00000e-09	
187	1.791567e-07	2.359102e-03	-1.68711e-11	-5.00000e-09	
188	1.801567e-07	2.336092e-03	-2.54036e-11	-5.00000e-09	
189	1.811567e-07	2.303864e-03	-3.38357e-11	-5.00000e-09	
190	1.821567e-07	2.262542e-03	-4.21344e-11	-5.00000e-09	
191	1.831567e-07	2.212292e-03	-5.02667e-11	-5.00000e-09	
192	1.841567e-07	2.153311e-03	-5.82007e-11	-5.00000e-09	
193	1.851567e-07	2.085831e-03	-6.59050e-11	-5.00000e-09	
194	1.861567e-07	2.010120e-03	-7.33492e-11	-5.00000e-09	
195	1.871567e-07	1.926476e-03	-8.05039e-11	-5.00000e-09	
196	1.881567e-07	1.835228e-03	-8.73409e-11	-5.00000e-09	
197	1.891567e-07	1.736738e-03	-9.38332e-11	-5.00000e-09	
198	1.901567e-07	1.631394e-03	-9.99552e-11	-5.00000e-09	
199	1.911567e-07	1.519612e-03	-1.05683e-10	-5.00000e-09	
200	1.921567e-07	1.401832e-03	-1.10993e-10	-5.00000e-09	
201	1.931567e-07	1.278520e-03	-1.15865e-10	-5.00000e-09	
202	1.941567e-07	1.150162e-03	-1.20281e-10	-5.00000e-09	
203	1.951567e-07	1.017265e-03	-1.24221e-10	-5.00000e-09	
204	1.961567e-07	8.803532e-04	-1.27671e-10	-5.00000e-09	
205	1.971567e-07	7.399672e-04	-1.30618e-10	-5.00000e-09	
206	1.981567e-07	5.966608e-04	-1.33048e-10	-5.00000e-09	
207	1.991567e-07	4.509997e-04	-1.34954e-10	-5.00000e-09	
208	2.001567e-07	3.035587e-04	-1.36327e-10	-5.00000e-09	
209	2.011567e-07	1.549197e-04	-1.37162e-10	-5.00000e-09	
210	2.021567e-07	5.669320e-06	-1.37456e-10	-5.00000e-09	
211	2.031567e-07	-1.43603e-04	-1.37208e-10	-5.00000e-09	
212	2.041567e-07	-2.92309e-04	-1.36417e-10	-5.00000e-09	
213	2.051567e-07	-4.39862e-04	-1.35089e-10	-5.00000e-09	
214	2.061567e-07	-5.85678e-04	-1.33227e-10	-5.00000e-09	
215	2.071567e-07	-7.29184e-04	-1.30840e-10	-5.00000e-09	
216	2.081567e-07	-8.69811e-04	-1.27936e-10	-5.00000e-09	
217	2.091567e-07	-1.00701e-03	-1.24527e-10	-5.00000e-09	
218	2.101567e-07	-1.14023e-03	-1.20627e-10	-5.00000e-09	
219	2.111567e-07	-1.26895e-03	-1.16251e-10	-5.00000e-09	
220	2.121567e-07	-1.39266e-03	-1.11416e-10	-5.00000e-09	
221	2.131567e-07	-1.51088e-03	-1.06141e-10	-5.00000e-09	
222	2.141567e-07	-1.62313e-03	-1.00447e-10	-5.00000e-09	
223	2.151567e-07	-1.72898e-03	-9.43573e-11	-5.00000e-09	
224	2.161567e-07	-1.82800e-03	-8.78949e-11	-5.00000e-09	
225	2.171567e-07	-1.91981e-03	-8.10856e-11	-5.00000e-09	
226	2.181567e-07	-2.00404e-03	-7.39563e-11	-5.00000e-09	
227	2.191567e-07	-2.08037e-03	-6.65351e-11	-5.00000e-09	
228	2.201567e-07	-2.14848e-03	-5.88513e-11	-5.00000e-09	

Index   time            e.x1.e1#branch  v1#branch       v2#branch       
--------------------------------------------------------------------------------
229	2.211567e-07	-2.20812e-03	-5.09353e-11	-5.00000e-09	
230	2.221567e-07	-2.25904e-03	-4.28182e-11	-5.00000e-09	
231	2.231567e-07	-2.30104e-03	-3.45322e-11	-5.00000e-09	
232	2.241567e-07	-2.33397e-03	-2.61099e-11	-5.00000e-09	
233	2.251567e-07	-2.35768e-03	-1.75845e-11	-5.00000e-09	
234	2.261567e-07	-2.37209e-03	-8.98975e-12	-5.00000e-09	
235	2.271567e-07	-2.37714e-03	-3.59517e-13	-5.00000e-09	
236	2.281567e-07	-2.37280e-03	8.272139e-12	-5.00000e-09	
237	2.291567e-07	-2.35910e-03	1.687115e-11	-5.00000e-09	
238	2.301567e-07	-2.33609e-03	2.540358e-11	-5.00000e-09	
239	2.311567e-07	-2.30386e-03	3.383575e-11	-5.00000e-09	
240	2.321567e-07	-2.26254e-03	4.213438e-11	-5.00000e-09	
241	2.331567e-07	-2.21229e-03	5.026673e-11	-5.00000e-09	
242	2.341567e-07	-2.15331e-03	5.820071e-11	-5.00000e-09	
243	2.351567e-07	-2.08583e-03	6.590499e-11	-5.00000e-09	
244	2.361567e-07	-2.01012e-03	7.334917e-11	-5.00000e-09	
245	2.371567e-07	-1.92648e-03	8.050388e-11	-5.00000e-09	
246	2.381567e-07	-1.83523e-03	8.734087e-11	-5.00000e-09	
247	2.391567e-07	-1.73674e-03	9.383317e-11	-5.00000e-09	
248	2.401567e-07	-1.63139e-03	9.995516e-11	-5.00000e-09	
249	2.411567e-07	-1.51961e-03	1.056827e-10	-5.00000e-09	
250	2.421567e-07	-1.40183e-03	1.109931e-10	-5.00000e-09	
251	2.431567e-07	-1.27852e-03	1.158655e-10	-5.00000e-09	
252	2.441567e-07	-1.15016e-03	1.202806e-10	-5.00000e-09	
253	2.451567e-07	-1.01726e-03	1.242210e-10	-5.00000e-09	
254	2.461567e-07	-8.80353e-04	1.276712e-10	-5.00000e-09	
255	2.471567e-07	-7.39967e-04	1.306175e-10	-5.00000e-09	
256	2.481567e-07	-5.96661e-04	1.330484e-10	-5.00000e-09	
257	2.491567e-07	-4.51000e-04	1.349541e-10	-5.00000e-09	
258	2.501567e-07	-3.03559e-04	1.363273e-10	-5.00000e-09	
259	2.511567e-07	-1.54920e-04	1.371624e-10	-5.00000e-09	
260	2.521567e-07	-5.66932e-06	1.374562e-10	-5.00000e-09	
261	2.531567e-07	1.436035e-04	1.372075e-10	-5.00000e-09	
262	2.541567e-07	2.923095e-04	1.364174e-10	-5.00000e-09	
263	2.551567e-07	4.398619e-04	1.350888e-10	-5.00000e-09	
264	2.561567e-07	5.856784e-04	1.332272e-10	-5.00000e-09	
265	2.571567e-07	7.291835e-04	1.308397e-10	-5.00000e-09	
266	2.581567e-07	8.698108e-04	1.279359e-10	-5.00000e-09	
267	2.591567e-07	1.007005e-03	1.245272e-10	-5.00000e-09	
268	2.601567e-07	1.140226e-03	1.206270e-10	-5.00000e-09	
269	2.611567e-07	1.268946e-03	1.162508e-10	-5.00000e-09	
270	2.621567e-07	1.392659e-03	1.114157e-10	-5.00000e-09	
271	2.631567e-07	1.510875e-03	1.061410e-10	-5.00000e-09	
272	2.641567e-07	1.623129e-03	1.004474e-10	-5.00000e-09	
273	2.651567e-07	1.728976e-03	9.435733e-11	-5.00000e-09	
274	2.661567e-07	1.828001e-03	8.789490e-11	-5.00000e-09	
275	2.671567e-07	1.919811e-03	8.108559e-11	-5.00000e-09	
276	2.681567e-07	2.004044e-03	7.395627e-11	-5.00000e-09	
277	2.691567e-07	2.080369e-03	6.653508e-11	-5.00000e-09	
278	2.701567e-07	2.148483e-03	5.885131e-11	-5.00000e-09	
279	2.711567e-07	2.208118e-03	5.093528e-11	-5.00000e-09	
280	2.721567e-07	2.259039e-03	4.281823e-11	-5.00000e-09	
281	2.731567e-07	2.301044e-03	3.453219e-11	-5.00000e-09	
282	2.741567e-07	2.333968e-03	2.610987e-11	-5.00000e-09	
283	2.751567e-07	2.357681e-03	1.758451e-11	-5.00000e-09	
284	2.761567e-07	2.372089e-03	8.989755e-12	-5.00000e-09	
285	2.771567e-07	2.377136e-03	3.595173e-13	-5.00000e-09	
286	2.781567e-07	2.372801e-03	-8.27214e-12	-5.00000e-09	

Index   time            e.x1.e1#branch  v1#branch       v2#branch       
--------------------------------------------------------------------------------
287	2.791567e-07	2.359102e-03	-1.68711e-11	-5.00000e-09	
288	2.801567e-07	2.336092e-03	-2.54036e-11	-5.00000e-09	
289	2.811567e-07	2.303864e-03	-3.38357e-11	-5.00000e-09	
290	2.821567e-07	2.262542e-03	-4.21344e-11	-5.00000e-09	
291	2.831567e-07	2.212292e-03	-5.02667e-11	-5.00000e-09	
292	2.841567e-07	2.153311e-03	-5.82007e-11	-5.00000e-09	
293	2.851567e-07	2.085831e-03	-6.59050e-11	-5.00000e-09	
294	2.861567e-07	2.010120e-03	-7.33492e-11	-5.00000e-09	
295	2.871567e-07	1.926476e-03	-8.05039e-11	-5.00000e-09	
296	2.881567e-07	1.835228e-03	-8.73409e-11	-5.00000e-09	
297	2.891567e-07	1.736738e-03	-9.38332e-11	-5.00000e-09	
298	2.901567e-07	1.631394e-03	-9.99552e-11	-5.00000e-09	
299	2.911567e-07	1.519612e-03	-1.05683e-10	-5.00000e-09	
300	2.921567e-07	1.401832e-03	-1.10993e-10	-5.00000e-09	
301	2.931567e-07	1.278520e-03	-1.15865e-10	-5.00000e-09	
302	2.941567e-07	1.150162e-03	-1.20281e-10	-5.00000e-09	
303	2.951567e-07	1.017265e-03	-1.24221e-10	-5.00000e-09	
304	2.961567e-07	8.803532e-04	-1.27671e-10	-5.00000e-09	
305	2.971567e-07	7.399672e-04	-1.30618e-10	-5.00000e-09	
306	2.981567e-07	5.966608e-04	-1.33048e-10	-5.00000e-09	
307	2.991567e-07	4.509997e-04	-1.34954e-10	-5.00000e-09	
308	3.001567e-07	3.035587e-04	-1.36327e-10	-5.00000e-09	
309	3.011567e-07	1.549197e-04	-1.37162e-10	-5.00000e-09	
310	3.021567e-07	5.669320e-06	-1.37456e-10	-5.00000e-09	
311	3.031567e-07	-1.43603e-04	-1.37208e-10	-5.00000e-09	
312	3.041567e-07	-2.92309e-04	-1.36417e-10	-5.00000e-09	
313	3.051567e-07	-4.39862e-04	-1.35089e-10	-5.00000e-09	
314	3.061567e-07	-5.85678e-04	-1.33227e-10	-5.00000e-09	
315	3.071567e-07	-7.29184e-04	-1.30840e-10	-5.00000e-09	
316	3.081567e-07	-8.69811e-04	-1.27936e-10	-5.00000e-09	
317	3.091567e-07	-1.00701e-03	-1.24527e-10	-5.00000e-09	
318	3.101567e-07	-1.14023e-03	-1.20627e-10	-5.00000e-09	
319	3.111567e-07	-1.26895e-03	-1.16251e-10	-5.00000e-09	
320	3.121567e-07	-1.39266e-03	-1.11416e-10	-5.00000e-09	
321	3.131567e-07	-1.51088e-03	-1.06141e-10	-5.00000e-09	
322	3.141567e-07	-1.62313e-03	-1.00447e-10	-5.00000e-09	
323	3.151567e-07	-1.72898e-03	-9.43573e-11	-5.00000e-09	
324	3.161567e-07	-1.82800e-03	-8.78949e-11	-5.00000e-09	
325	3.171567e-07	-1.91981e-03	-8.10856e-11	-5.00000e-09	
326	3.181567e-07	-2.00404e-03	-7.39563e-11	-5.00000e-09	
327	3.191567e-07	-2.08037e-03	-6.65351e-11	-5.00000e-09	
328	3.201567e-07	-2.14848e-03	-5.88513e-11	-5.00000e-09	
329	3.211567e-07	-2.20812e-03	-5.09353e-11	-5.00000e-09	
330	3.221567e-07	-2.25904e-03	-4.28182e-11	-5.00000e-09	
331	3.231567e-07	-2.30104e-03	-3.45322e-11	-5.00000e-09	
332	3.241567e-07	-2.33397e-03	-2.61099e-11	-5.00000e-09	
333	3.251567e-07	-2.35768e-03	-1.75845e-11	-5.00000e-09	
334	3.261567e-07	-2.37209e-03	-8.98975e-12	-5.00000e-09	
335	3.271567e-07	-2.37714e-03	-3.59517e-13	-5.00000e-09	
336	3.281567e-07	-2.37280e-03	8.272139e-12	-5.00000e-09	
337	3.291567e-07	-2.35910e-03	1.687115e-11	-5.00000e-09	
338	3.301567e-07	-2.33609e-03	2.540358e-11	-5.00000e-09	
339	3.311567e-07	-2.30386e-03	3.383575e-11	-5.00000e-09	
340	3.321567e-07	-2.26254e-03	4.213438e-11	-5.00000e-09	
341	3.331567e-07	-2.21229e-03	5.026673e-11	-5.00000e-09	
342	3.341567e-07	-2.15331e-03	5.820071e-11	-5.00000e-09	
343	3.351567e-07	-2.08583e-03	6.590499e-11	-5.00000e-09	
344	3.361567e-07	-2.01012e-03	7.334917e-11	-5.00000e-09	

Index   time            e.x1.e1#branch  v1#branch       v2#branch       
--------------------------------------------------------------------------------
345	3.371567e-07	-1.92648e-03	8.050388e-11	-5.00000e-09	
346	3.381567e-07	-1.83523e-03	8.734087e-11	-5.00000e-09	
347	3.391567e-07	-1.73674e-03	9.383317e-11	-5.00000e-09	
348	3.401567e-07	-1.63139e-03	9.995516e-11	-5.00000e-09	
349	3.411567e-07	-1.51961e-03	1.056827e-10	-5.00000e-09	
350	3.421567e-07	-1.40183e-03	1.109931e-10	-5.00000e-09	
351	3.431567e-07	-1.27852e-03	1.158655e-10	-5.00000e-09	
352	3.441567e-07	-1.15016e-03	1.202806e-10	-5.00000e-09	
353	3.451567e-07	-1.01726e-03	1.242210e-10	-5.00000e-09	
354	3.461567e-07	-8.80353e-04	1.276712e-10	-5.00000e-09	
355	3.471567e-07	-7.39967e-04	1.306175e-10	-5.00000e-09	
356	3.481567e-07	-5.96661e-04	1.330484e-10	-5.00000e-09	
357	3.491567e-07	-4.51000e-04	1.349541e-10	-5.00000e-09	
358	3.501567e-07	-3.03559e-04	1.363273e-10	-5.00000e-09	
359	3.511567e-07	-1.54920e-04	1.371624e-10	-5.00000e-09	
360	3.521567e-07	-5.66932e-06	1.374562e-10	-5.00000e-09	
361	3.531567e-07	1.436035e-04	1.372075e-10	-5.00000e-09	
362	3.541567e-07	2.923095e-04	1.364174e-10	-5.00000e-09	
363	3.551567e-07	4.398619e-04	1.350888e-10	-5.00000e-09	
364	3.561567e-07	5.856784e-04	1.332272e-10	-5.00000e-09	
365	3.571567e-07	7.291835e-04	1.308397e-10	-5.00000e-09	
366	3.581567e-07	8.698108e-04	1.279359e-10	-5.00000e-09	
367	3.591567e-07	1.007005e-03	1.245272e-10	-5.00000e-09	
368	3.601567e-07	1.140226e-03	1.206270e-10	-5.00000e-09	
369	3.611567e-07	1.268946e-03	1.162508e-10	-5.00000e-09	
370	3.621567e-07	1.392659e-03	1.114157e-10	-5.00000e-09	
371	3.631567e-07	1.510875e-03	1.061410e-10	-5.00000e-09	
372	3.641567e-07	1.623129e-03	1.004474e-10	-5.00000e-09	
373	3.651567e-07	1.728976e-03	9.435733e-11	-5.00000e-09	
374	3.661567e-07	1.828001e-03	8.789490e-11	-5.00000e-09	
375	3.671567e-07	1.919811e-03	8.108559e-11	-5.00000e-09	
376	3.681567e-07	2.004044e-03	7.395627e-11	-5.00000e-09	
377	3.691567e-07	2.080369e-03	6.653508e-11	-5.00000e-09	
378	3.701567e-07	2.148483e-03	5.885131e-11	-5.00000e-09	
379	3.711567e-07	2.208118e-03	5.093528e-11	-5.00000e-09	
380	3.721567e-07	2.259039e-03	4.281823e-11	-5.00000e-09	
381	3.731567e-07	2.301044e-03	3.453219e-11	-5.00000e-09	
382	3.741567e-07	2.333968e-03	2.610987e-11	-5.00000e-09	
383	3.751567e-07	2.357681e-03	1.758451e-11	-5.00000e-09	
384	3.761567e-07	2.372089e-03	8.989755e-12	-5.00000e-09	
385	3.771567e-07	2.377136e-03	3.595173e-13	-5.00000e-09	
386	3.781567e-07	2.372801e-03	-8.27214e-12	-5.00000e-09	
387	3.791567e-07	2.359102e-03	-1.68711e-11	-5.00000e-09	
388	3.801567e-07	2.336092e-03	-2.54036e-11	-5.00000e-09	
389	3.811567e-07	2.303864e-03	-3.38357e-11	-5.00000e-09	
390	3.821567e-07	2.262542e-03	-4.21344e-11	-5.00000e-09	
391	3.831567e-07	2.212292e-03	-5.02667e-11	-5.00000e-09	
392	3.841567e-07	2.153311e-03	-5.82007e-11	-5.00000e-09	
393	3.851567e-07	2.085831e-03	-6.59050e-11	-5.00000e-09	
394	3.861567e-07	2.010120e-03	-7.33492e-11	-5.00000e-09	
395	3.871567e-07	1.926476e-03	-8.05039e-11	-5.00000e-09	
396	3.881567e-07	1.835228e-03	-8.73409e-11	-5.00000e-09	
397	3.891567e-07	1.736738e-03	-9.38332e-11	-5.00000e-09	
398	3.901567e-07	1.631394e-03	-9.99552e-11	-5.00000e-09	
399	3.911567e-07	1.519612e-03	-1.05683e-10	-5.00000e-09	
400	3.921567e-07	1.401832e-03	-1.10993e-10	-5.00000e-09	
401	3.931567e-07	1.278520e-03	-1.15865e-10	-5.00000e-09	
402	3.941567e-07	1.150162e-03	-1.20281e-10	-5.00000e-09	

Index   time            e.x1.e1#branch  v1#branch       v2#branch       
--------------------------------------------------------------------------------
403	3.951567e-07	1.017265e-03	-1.24221e-10	-5.00000e-09	
404	3.961567e-07	8.803532e-04	-1.27671e-10	-5.00000e-09	
405	3.971567e-07	7.399672e-04	-1.30618e-10	-5.00000e-09	
406	3.981567e-07	5.966608e-04	-1.33048e-10	-5.00000e-09	
407	3.991567e-07	4.509997e-04	-1.34954e-10	-5.00000e-09	
408	4.001567e-07	3.035587e-04	-1.36327e-10	-5.00000e-09	
409	4.011567e-07	1.549197e-04	-1.37162e-10	-5.00000e-09	
410	4.021567e-07	5.669320e-06	-1.37456e-10	-5.00000e-09	
411	4.031567e-07	-1.43603e-04	-1.37208e-10	-5.00000e-09	
412	4.041567e-07	-2.92309e-04	-1.36417e-10	-5.00000e-09	
413	4.051567e-07	-4.39862e-04	-1.35089e-10	-5.00000e-09	
414	4.061567e-07	-5.85678e-04	-1.33227e-10	-5.00000e-09	
415	4.071567e-07	-7.29184e-04	-1.30840e-10	-5.00000e-09	
416	4.081567e-07	-8.69811e-04	-1.27936e-10	-5.00000e-09	
417	4.091567e-07	-1.00701e-03	-1.24527e-10	-5.00000e-09	
418	4.101567e-07	-1.14023e-03	-1.20627e-10	-5.00000e-09	
419	4.111567e-07	-1.26895e-03	-1.16251e-10	-5.00000e-09	
420	4.121567e-07	-1.39266e-03	-1.11416e-10	-5.00000e-09	
421	4.131567e-07	-1.51088e-03	-1.06141e-10	-5.00000e-09	
422	4.141567e-07	-1.62313e-03	-1.00447e-10	-5.00000e-09	
423	4.151567e-07	-1.72898e-03	-9.43573e-11	-5.00000e-09	
424	4.161567e-07	-1.82800e-03	-8.78949e-11	-5.00000e-09	
425	4.171567e-07	-1.91981e-03	-8.10856e-11	-5.00000e-09	
426	4.181567e-07	-2.00404e-03	-7.39563e-11	-5.00000e-09	
427	4.191567e-07	-2.08037e-03	-6.65351e-11	-5.00000e-09	
428	4.201567e-07	-2.14848e-03	-5.88513e-11	-5.00000e-09	
429	4.211567e-07	-2.20812e-03	-5.09353e-11	-5.00000e-09	
430	4.221567e-07	-2.25904e-03	-4.28182e-11	-5.00000e-09	
431	4.231567e-07	-2.30104e-03	-3.45322e-11	-5.00000e-09	
432	4.241567e-07	-2.33397e-03	-2.61099e-11	-5.00000e-09	
433	4.251567e-07	-2.35768e-03	-1.75845e-11	-5.00000e-09	
434	4.261567e-07	-2.37209e-03	-8.98975e-12	-5.00000e-09	
435	4.271567e-07	-2.37714e-03	-3.59517e-13	-5.00000e-09	
436	4.281567e-07	-2.37280e-03	8.272139e-12	-5.00000e-09	
437	4.291567e-07	-2.35910e-03	1.687115e-11	-5.00000e-09	
438	4.301567e-07	-2.33609e-03	2.540358e-11	-5.00000e-09	
439	4.311567e-07	-2.30386e-03	3.383575e-11	-5.00000e-09	
440	4.321567e-07	-2.26254e-03	4.213438e-11	-5.00000e-09	
441	4.331567e-07	-2.21229e-03	5.026673e-11	-5.00000e-09	
442	4.341567e-07	-2.15331e-03	5.820071e-11	-5.00000e-09	
443	4.351567e-07	-2.08583e-03	6.590499e-11	-5.00000e-09	
444	4.361567e-07	-2.01012e-03	7.334917e-11	-5.00000e-09	
445	4.371567e-07	-1.92648e-03	8.050388e-11	-5.00000e-09	
446	4.381567e-07	-1.83523e-03	8.734087e-11	-5.00000e-09	
447	4.391567e-07	-1.73674e-03	9.383317e-11	-5.00000e-09	
448	4.401567e-07	-1.63139e-03	9.995516e-11	-5.00000e-09	
449	4.411567e-07	-1.51961e-03	1.056827e-10	-5.00000e-09	
450	4.421567e-07	-1.40183e-03	1.109931e-10	-5.00000e-09	
451	4.431567e-07	-1.27852e-03	1.158655e-10	-5.00000e-09	
452	4.441567e-07	-1.15016e-03	1.202806e-10	-5.00000e-09	
453	4.451567e-07	-1.01726e-03	1.242210e-10	-5.00000e-09	
454	4.461567e-07	-8.80353e-04	1.276712e-10	-5.00000e-09	
455	4.471567e-07	-7.39967e-04	1.306175e-10	-5.00000e-09	
456	4.481567e-07	-5.96661e-04	1.330484e-10	-5.00000e-09	
457	4.491567e-07	-4.51000e-04	1.349541e-10	-5.00000e-09	
458	4.501567e-07	-3.03559e-04	1.363273e-10	-5.00000e-09	
459	4.511567e-07	-1.54920e-04	1.371624e-10	-5.00000e-09	
460	4.521567e-07	-5.66932e-06	1.374562e-10	-5.00000e-09	

Index   time            e.x1.e1#branch  v1#branch       v2#branch       
--------------------------------------------------------------------------------
461	4.531567e-07	1.436035e-04	1.372075e-10	-5.00000e-09	
462	4.541567e-07	2.923095e-04	1.364174e-10	-5.00000e-09	
463	4.551567e-07	4.398619e-04	1.350888e-10	-5.00000e-09	
464	4.561567e-07	5.856784e-04	1.332272e-10	-5.00000e-09	
465	4.571567e-07	7.291835e-04	1.308397e-10	-5.00000e-09	
466	4.581567e-07	8.698108e-04	1.279359e-10	-5.00000e-09	
467	4.591567e-07	1.007005e-03	1.245272e-10	-5.00000e-09	
468	4.601567e-07	1.140226e-03	1.206270e-10	-5.00000e-09	
469	4.611567e-07	1.268946e-03	1.162508e-10	-5.00000e-09	
470	4.621567e-07	1.392659e-03	1.114157e-10	-5.00000e-09	
471	4.631567e-07	1.510875e-03	1.061410e-10	-5.00000e-09	
472	4.641567e-07	1.623129e-03	1.004474e-10	-5.00000e-09	
473	4.651567e-07	1.728976e-03	9.435733e-11	-5.00000e-09	
474	4.661567e-07	1.828001e-03	8.789490e-11	-5.00000e-09	
475	4.671567e-07	1.919811e-03	8.108559e-11	-5.00000e-09	
476	4.681567e-07	2.004044e-03	7.395627e-11	-5.00000e-09	
477	4.691567e-07	2.080369e-03	6.653508e-11	-5.00000e-09	
478	4.701567e-07	2.148483e-03	5.885131e-11	-5.00000e-09	
479	4.711567e-07	2.208118e-03	5.093528e-11	-5.00000e-09	
480	4.721567e-07	2.259039e-03	4.281823e-11	-5.00000e-09	
481	4.731567e-07	2.301044e-03	3.453219e-11	-5.00000e-09	
482	4.741567e-07	2.333968e-03	2.610987e-11	-5.00000e-09	
483	4.751567e-07	2.357681e-03	1.758451e-11	-5.00000e-09	
484	4.761567e-07	2.372089e-03	8.989755e-12	-5.00000e-09	
485	4.771567e-07	2.377136e-03	3.595173e-13	-5.00000e-09	
486	4.781567e-07	2.372801e-03	-8.27214e-12	-5.00000e-09	
487	4.791567e-07	2.359102e-03	-1.68711e-11	-5.00000e-09	
488	4.801567e-07	2.336092e-03	-2.54036e-11	-5.00000e-09	
489	4.811567e-07	2.303864e-03	-3.38357e-11	-5.00000e-09	
490	4.821567e-07	2.262542e-03	-4.21344e-11	-5.00000e-09	
491	4.831567e-07	2.212292e-03	-5.02667e-11	-5.00000e-09	
492	4.841567e-07	2.153311e-03	-5.82007e-11	-5.00000e-09	
493	4.851567e-07	2.085831e-03	-6.59050e-11	-5.00000e-09	
494	4.861567e-07	2.010120e-03	-7.33492e-11	-5.00000e-09	
495	4.871567e-07	1.926476e-03	-8.05039e-11	-5.00000e-09	
496	4.881567e-07	1.835228e-03	-8.73409e-11	-5.00000e-09	
497	4.891567e-07	1.736738e-03	-9.38332e-11	-5.00000e-09	
498	4.901567e-07	1.631394e-03	-9.99552e-11	-5.00000e-09	
499	4.911567e-07	1.519612e-03	-1.05683e-10	-5.00000e-09	
500	4.921567e-07	1.401832e-03	-1.10993e-10	-5.00000e-09	
501	4.931567e-07	1.278520e-03	-1.15865e-10	-5.00000e-09	
502	4.941567e-07	1.150162e-03	-1.20281e-10	-5.00000e-09	
503	4.951567e-07	1.017265e-03	-1.24221e-10	-5.00000e-09	
504	4.961567e-07	8.803532e-04	-1.27671e-10	-5.00000e-09	
505	4.971567e-07	7.399672e-04	-1.30618e-10	-5.00000e-09	
506	4.981567e-07	5.966608e-04	-1.33048e-10	-5.00000e-09	
507	4.991567e-07	4.509997e-04	-1.34954e-10	-5.00000e-09	
508	5.001567e-07	3.035587e-04	-1.36327e-10	-5.00000e-09	
509	5.011567e-07	1.549197e-04	-1.37162e-10	-5.00000e-09	
510	5.021567e-07	5.669320e-06	-1.37456e-10	-5.00000e-09	
511	5.031567e-07	-1.43603e-04	-1.37208e-10	-5.00000e-09	
512	5.041567e-07	-2.92309e-04	-1.36417e-10	-5.00000e-09	
513	5.051567e-07	-4.39862e-04	-1.35089e-10	-5.00000e-09	
514	5.061567e-07	-5.85678e-04	-1.33227e-10	-5.00000e-09	
515	5.071567e-07	-7.29184e-04	-1.30840e-10	-5.00000e-09	
516	5.081567e-07	-8.69811e-04	-1.27936e-10	-5.00000e-09	
517	5.091567e-07	-1.00701e-03	-1.24527e-10	-5.00000e-09	
518	5.101567e-07	-1.14023e-03	-1.20627e-10	-5.00000e-09	

Index   time            e.x1.e1#branch  v1#branch       v2#branch       
--------------------------------------------------------------------------------
519	5.111567e-07	-1.26895e-03	-1.16251e-10	-5.00000e-09	
520	5.121567e-07	-1.39266e-03	-1.11416e-10	-5.00000e-09	
521	5.131567e-07	-1.51088e-03	-1.06141e-10	-5.00000e-09	
522	5.141567e-07	-1.62313e-03	-1.00447e-10	-5.00000e-09	
523	5.151567e-07	-1.72898e-03	-9.43573e-11	-5.00000e-09	
524	5.161567e-07	-1.82800e-03	-8.78949e-11	-5.00000e-09	
525	5.171567e-07	-1.91981e-03	-8.10856e-11	-5.00000e-09	
526	5.181567e-07	-2.00404e-03	-7.39563e-11	-5.00000e-09	
527	5.191567e-07	-2.08037e-03	-6.65351e-11	-5.00000e-09	
528	5.201567e-07	-2.14848e-03	-5.88513e-11	-5.00000e-09	
529	5.211567e-07	-2.20812e-03	-5.09353e-11	-5.00000e-09	
530	5.221567e-07	-2.25904e-03	-4.28182e-11	-5.00000e-09	
531	5.231567e-07	-2.30104e-03	-3.45322e-11	-5.00000e-09	
532	5.241567e-07	-2.33397e-03	-2.61099e-11	-5.00000e-09	
533	5.251567e-07	-2.35768e-03	-1.75845e-11	-5.00000e-09	
534	5.261567e-07	-2.37209e-03	-8.98975e-12	-5.00000e-09	
535	5.271567e-07	-2.37714e-03	-3.59517e-13	-5.00000e-09	
536	5.281567e-07	-2.37280e-03	8.272139e-12	-5.00000e-09	
537	5.291567e-07	-2.35910e-03	1.687115e-11	-5.00000e-09	
538	5.301567e-07	-2.33609e-03	2.540358e-11	-5.00000e-09	
539	5.311567e-07	-2.30386e-03	3.383575e-11	-5.00000e-09	
540	5.321567e-07	-2.26254e-03	4.213438e-11	-5.00000e-09	
541	5.331567e-07	-2.21229e-03	5.026673e-11	-5.00000e-09	
542	5.341567e-07	-2.15331e-03	5.820071e-11	-5.00000e-09	
543	5.351567e-07	-2.08583e-03	6.590499e-11	-5.00000e-09	
544	5.361567e-07	-2.01012e-03	7.334917e-11	-5.00000e-09	
545	5.371567e-07	-1.92648e-03	8.050388e-11	-5.00000e-09	
546	5.381567e-07	-1.83523e-03	8.734087e-11	-5.00000e-09	
547	5.391567e-07	-1.73674e-03	9.383317e-11	-5.00000e-09	
548	5.401567e-07	-1.63139e-03	9.995516e-11	-5.00000e-09	
549	5.411567e-07	-1.51961e-03	1.056827e-10	-5.00000e-09	
550	5.421567e-07	-1.40183e-03	1.109931e-10	-5.00000e-09	
551	5.431567e-07	-1.27852e-03	1.158655e-10	-5.00000e-09	
552	5.441567e-07	-1.15016e-03	1.202806e-10	-5.00000e-09	
553	5.451567e-07	-1.01726e-03	1.242210e-10	-5.00000e-09	
554	5.461567e-07	-8.80353e-04	1.276712e-10	-5.00000e-09	
555	5.471567e-07	-7.39967e-04	1.306175e-10	-5.00000e-09	
556	5.481567e-07	-5.96661e-04	1.330484e-10	-5.00000e-09	
557	5.491567e-07	-4.51000e-04	1.349541e-10	-5.00000e-09	
558	5.501567e-07	-3.03559e-04	1.363273e-10	-5.00000e-09	
559	5.511567e-07	-1.54920e-04	1.371624e-10	-5.00000e-09	
560	5.521567e-07	-5.66932e-06	1.374562e-10	-5.00000e-09	
561	5.531567e-07	1.436035e-04	1.372075e-10	-5.00000e-09	
562	5.541567e-07	2.923095e-04	1.364174e-10	-5.00000e-09	
563	5.551567e-07	4.398619e-04	1.350888e-10	-5.00000e-09	
564	5.561567e-07	5.856784e-04	1.332272e-10	-5.00000e-09	
565	5.571567e-07	7.291835e-04	1.308397e-10	-5.00000e-09	
566	5.581567e-07	8.698108e-04	1.279359e-10	-5.00000e-09	
567	5.591567e-07	1.007005e-03	1.245272e-10	-5.00000e-09	
568	5.601567e-07	1.140226e-03	1.206270e-10	-5.00000e-09	
569	5.611567e-07	1.268946e-03	1.162508e-10	-5.00000e-09	
570	5.621567e-07	1.392659e-03	1.114157e-10	-5.00000e-09	
571	5.631567e-07	1.510875e-03	1.061410e-10	-5.00000e-09	
572	5.641567e-07	1.623129e-03	1.004474e-10	-5.00000e-09	
573	5.651567e-07	1.728976e-03	9.435733e-11	-5.00000e-09	
574	5.661567e-07	1.828001e-03	8.789490e-11	-5.00000e-09	
575	5.671567e-07	1.919811e-03	8.108559e-11	-5.00000e-09	
576	5.681567e-07	2.004044e-03	7.395627e-11	-5.00000e-09	

Index   time            e.x1.e1#branch  v1#branch       v2#branch       
--------------------------------------------------------------------------------
577	5.691567e-07	2.080369e-03	6.653508e-11	-5.00000e-09	
578	5.701567e-07	2.148483e-03	5.885131e-11	-5.00000e-09	
579	5.711567e-07	2.208118e-03	5.093528e-11	-5.00000e-09	
580	5.721567e-07	2.259039e-03	4.281823e-11	-5.00000e-09	
581	5.731567e-07	2.301044e-03	3.453219e-11	-5.00000e-09	
582	5.741567e-07	2.333968e-03	2.610987e-11	-5.00000e-09	
583	5.751567e-07	2.357681e-03	1.758451e-11	-5.00000e-09	
584	5.761567e-07	2.372089e-03	8.989755e-12	-5.00000e-09	
585	5.771567e-07	2.377136e-03	3.595173e-13	-5.00000e-09	
586	5.781567e-07	2.372801e-03	-8.27214e-12	-5.00000e-09	
587	5.791567e-07	2.359102e-03	-1.68711e-11	-5.00000e-09	
588	5.801567e-07	2.336092e-03	-2.54036e-11	-5.00000e-09	
589	5.811567e-07	2.303864e-03	-3.38357e-11	-5.00000e-09	
590	5.821567e-07	2.262542e-03	-4.21344e-11	-5.00000e-09	
591	5.831567e-07	2.212292e-03	-5.02667e-11	-5.00000e-09	
592	5.841567e-07	2.153311e-03	-5.82007e-11	-5.00000e-09	
593	5.851567e-07	2.085831e-03	-6.59050e-11	-5.00000e-09	
594	5.861567e-07	2.010120e-03	-7.33492e-11	-5.00000e-09	
595	5.871567e-07	1.926476e-03	-8.05039e-11	-5.00000e-09	
596	5.881567e-07	1.835228e-03	-8.73409e-11	-5.00000e-09	
597	5.891567e-07	1.736738e-03	-9.38332e-11	-5.00000e-09	
598	5.901567e-07	1.631394e-03	-9.99552e-11	-5.00000e-09	
599	5.911567e-07	1.519612e-03	-1.05683e-10	-5.00000e-09	
600	5.921567e-07	1.401832e-03	-1.10993e-10	-5.00000e-09	
601	5.931567e-07	1.278520e-03	-1.15865e-10	-5.00000e-09	
602	5.941567e-07	1.150162e-03	-1.20281e-10	-5.00000e-09	
603	5.951567e-07	1.017265e-03	-1.24221e-10	-5.00000e-09	
604	5.961567e-07	8.803532e-04	-1.27671e-10	-5.00000e-09	
605	5.971567e-07	7.399672e-04	-1.30618e-10	-5.00000e-09	
606	5.981567e-07	5.966608e-04	-1.33048e-10	-5.00000e-09	
607	5.991567e-07	4.509997e-04	-1.34954e-10	-5.00000e-09	
608	6.001567e-07	3.035587e-04	-1.36327e-10	-5.00000e-09	
609	6.011567e-07	1.549197e-04	-1.37162e-10	-5.00000e-09	
610	6.021567e-07	5.669320e-06	-1.37456e-10	-5.00000e-09	
611	6.031567e-07	-1.43603e-04	-1.37208e-10	-5.00000e-09	
612	6.041567e-07	-2.92309e-04	-1.36417e-10	-5.00000e-09	
613	6.051567e-07	-4.39862e-04	-1.35089e-10	-5.00000e-09	
614	6.061567e-07	-5.85678e-04	-1.33227e-10	-5.00000e-09	
615	6.071567e-07	-7.29184e-04	-1.30840e-10	-5.00000e-09	
616	6.081567e-07	-8.69811e-04	-1.27936e-10	-5.00000e-09	
617	6.091567e-07	-1.00701e-03	-1.24527e-10	-5.00000e-09	
618	6.101567e-07	-1.14023e-03	-1.20627e-10	-5.00000e-09	
619	6.111567e-07	-1.26895e-03	-1.16251e-10	-5.00000e-09	
620	6.121567e-07	-1.39266e-03	-1.11416e-10	-5.00000e-09	
621	6.131567e-07	-1.51088e-03	-1.06141e-10	-5.00000e-09	
622	6.141567e-07	-1.62313e-03	-1.00447e-10	-5.00000e-09	
623	6.151567e-07	-1.72898e-03	-9.43573e-11	-5.00000e-09	
624	6.161567e-07	-1.82800e-03	-8.78949e-11	-5.00000e-09	
625	6.171567e-07	-1.91981e-03	-8.10856e-11	-5.00000e-09	
626	6.181567e-07	-2.00404e-03	-7.39563e-11	-5.00000e-09	
627	6.191567e-07	-2.08037e-03	-6.65351e-11	-5.00000e-09	
628	6.201567e-07	-2.14848e-03	-5.88513e-11	-5.00000e-09	
629	6.211567e-07	-2.20812e-03	-5.09353e-11	-5.00000e-09	
630	6.221567e-07	-2.25904e-03	-4.28182e-11	-5.00000e-09	
631	6.231567e-07	-2.30104e-03	-3.45322e-11	-5.00000e-09	
632	6.241567e-07	-2.33397e-03	-2.61099e-11	-5.00000e-09	
633	6.251567e-07	-2.35768e-03	-1.75845e-11	-5.00000e-09	
634	6.261567e-07	-2.37209e-03	-8.98975e-12	-5.00000e-09	

Index   time            e.x1.e1#branch  v1#branch       v2#branch       
--------------------------------------------------------------------------------
635	6.271567e-07	-2.37714e-03	-3.59517e-13	-5.00000e-09	
636	6.281567e-07	-2.37280e-03	8.272139e-12	-5.00000e-09	
637	6.291567e-07	-2.35910e-03	1.687115e-11	-5.00000e-09	
638	6.301567e-07	-2.33609e-03	2.540358e-11	-5.00000e-09	
639	6.311567e-07	-2.30386e-03	3.383575e-11	-5.00000e-09	
640	6.321567e-07	-2.26254e-03	4.213438e-11	-5.00000e-09	
641	6.331567e-07	-2.21229e-03	5.026673e-11	-5.00000e-09	
642	6.341567e-07	-2.15331e-03	5.820071e-11	-5.00000e-09	
643	6.351567e-07	-2.08583e-03	6.590499e-11	-5.00000e-09	
644	6.361567e-07	-2.01012e-03	7.334917e-11	-5.00000e-09	
645	6.371567e-07	-1.92648e-03	8.050388e-11	-5.00000e-09	
646	6.381567e-07	-1.83523e-03	8.734087e-11	-5.00000e-09	
647	6.391567e-07	-1.73674e-03	9.383317e-11	-5.00000e-09	
648	6.401567e-07	-1.63139e-03	9.995516e-11	-5.00000e-09	
649	6.411567e-07	-1.51961e-03	1.056827e-10	-5.00000e-09	
650	6.421567e-07	-1.40183e-03	1.109931e-10	-5.00000e-09	
651	6.431567e-07	-1.27852e-03	1.158655e-10	-5.00000e-09	
652	6.441567e-07	-1.15016e-03	1.202806e-10	-5.00000e-09	
653	6.451567e-07	-1.01726e-03	1.242210e-10	-5.00000e-09	
654	6.461567e-07	-8.80353e-04	1.276712e-10	-5.00000e-09	
655	6.471567e-07	-7.39967e-04	1.306175e-10	-5.00000e-09	
656	6.481567e-07	-5.96661e-04	1.330484e-10	-5.00000e-09	
657	6.491567e-07	-4.51000e-04	1.349541e-10	-5.00000e-09	
658	6.501567e-07	-3.03559e-04	1.363273e-10	-5.00000e-09	
659	6.511567e-07	-1.54920e-04	1.371624e-10	-5.00000e-09	
660	6.521567e-07	-5.66932e-06	1.374562e-10	-5.00000e-09	
661	6.531567e-07	1.436035e-04	1.372075e-10	-5.00000e-09	
662	6.541567e-07	2.923095e-04	1.364174e-10	-5.00000e-09	
663	6.551567e-07	4.398619e-04	1.350888e-10	-5.00000e-09	
664	6.561567e-07	5.856784e-04	1.332272e-10	-5.00000e-09	
665	6.571567e-07	7.291835e-04	1.308397e-10	-5.00000e-09	
666	6.581567e-07	8.698108e-04	1.279359e-10	-5.00000e-09	
667	6.591567e-07	1.007005e-03	1.245272e-10	-5.00000e-09	
668	6.601567e-07	1.140226e-03	1.206270e-10	-5.00000e-09	
669	6.611567e-07	1.268946e-03	1.162508e-10	-5.00000e-09	
670	6.621567e-07	1.392659e-03	1.114157e-10	-5.00000e-09	
671	6.631567e-07	1.510875e-03	1.061410e-10	-5.00000e-09	
672	6.641567e-07	1.623129e-03	1.004474e-10	-5.00000e-09	
673	6.651567e-07	1.728976e-03	9.435733e-11	-5.00000e-09	
674	6.661567e-07	1.828001e-03	8.789490e-11	-5.00000e-09	
675	6.671567e-07	1.919811e-03	8.108559e-11	-5.00000e-09	
676	6.681567e-07	2.004044e-03	7.395627e-11	-5.00000e-09	
677	6.691567e-07	2.080369e-03	6.653508e-11	-5.00000e-09	
678	6.701567e-07	2.148483e-03	5.885131e-11	-5.00000e-09	
679	6.711567e-07	2.208118e-03	5.093528e-11	-5.00000e-09	
680	6.721567e-07	2.259039e-03	4.281823e-11	-5.00000e-09	
681	6.731567e-07	2.301044e-03	3.453219e-11	-5.00000e-09	
682	6.741567e-07	2.333968e-03	2.610987e-11	-5.00000e-09	
683	6.751567e-07	2.357681e-03	1.758451e-11	-5.00000e-09	
684	6.761567e-07	2.372089e-03	8.989755e-12	-5.00000e-09	
685	6.771567e-07	2.377136e-03	3.595173e-13	-5.00000e-09	
686	6.781567e-07	2.372801e-03	-8.27214e-12	-5.00000e-09	
687	6.791567e-07	2.359102e-03	-1.68711e-11	-5.00000e-09	
688	6.801567e-07	2.336092e-03	-2.54036e-11	-5.00000e-09	
689	6.811567e-07	2.303864e-03	-3.38357e-11	-5.00000e-09	
690	6.821567e-07	2.262542e-03	-4.21344e-11	-5.00000e-09	
691	6.831567e-07	2.212292e-03	-5.02667e-11	-5.00000e-09	
692	6.841567e-07	2.153311e-03	-5.82007e-11	-5.00000e-09	

Index   time            e.x1.e1#branch  v1#branch       v2#branch       
--------------------------------------------------------------------------------
693	6.851567e-07	2.085831e-03	-6.59050e-11	-5.00000e-09	
694	6.861567e-07	2.010120e-03	-7.33492e-11	-5.00000e-09	
695	6.871567e-07	1.926476e-03	-8.05039e-11	-5.00000e-09	
696	6.881567e-07	1.835228e-03	-8.73409e-11	-5.00000e-09	
697	6.891567e-07	1.736738e-03	-9.38332e-11	-5.00000e-09	
698	6.901567e-07	1.631394e-03	-9.99552e-11	-5.00000e-09	
699	6.911567e-07	1.519612e-03	-1.05683e-10	-5.00000e-09	
700	6.921567e-07	1.401832e-03	-1.10993e-10	-5.00000e-09	
701	6.931567e-07	1.278520e-03	-1.15865e-10	-5.00000e-09	
702	6.941567e-07	1.150162e-03	-1.20281e-10	-5.00000e-09	
703	6.951567e-07	1.017265e-03	-1.24221e-10	-5.00000e-09	
704	6.961567e-07	8.803532e-04	-1.27671e-10	-5.00000e-09	
705	6.971567e-07	7.399672e-04	-1.30618e-10	-5.00000e-09	
706	6.981567e-07	5.966608e-04	-1.33048e-10	-5.00000e-09	
707	6.991567e-07	4.509997e-04	-1.34954e-10	-5.00000e-09	
708	7.001567e-07	3.035587e-04	-1.36327e-10	-5.00000e-09	
709	7.011567e-07	1.549197e-04	-1.37162e-10	-5.00000e-09	
710	7.021567e-07	5.669320e-06	-1.37456e-10	-5.00000e-09	
711	7.031567e-07	-1.43603e-04	-1.37208e-10	-5.00000e-09	
712	7.041567e-07	-2.92309e-04	-1.36417e-10	-5.00000e-09	
713	7.051567e-07	-4.39862e-04	-1.35089e-10	-5.00000e-09	
714	7.061567e-07	-5.85678e-04	-1.33227e-10	-5.00000e-09	
715	7.071567e-07	-7.29184e-04	-1.30840e-10	-5.00000e-09	
716	7.081567e-07	-8.69811e-04	-1.27936e-10	-5.00000e-09	
717	7.091567e-07	-1.00701e-03	-1.24527e-10	-5.00000e-09	
718	7.101567e-07	-1.14023e-03	-1.20627e-10	-5.00000e-09	
719	7.111567e-07	-1.26895e-03	-1.16251e-10	-5.00000e-09	
720	7.121567e-07	-1.39266e-03	-1.11416e-10	-5.00000e-09	
721	7.131567e-07	-1.51088e-03	-1.06141e-10	-5.00000e-09	
722	7.141567e-07	-1.62313e-03	-1.00447e-10	-5.00000e-09	
723	7.151567e-07	-1.72898e-03	-9.43573e-11	-5.00000e-09	
724	7.161567e-07	-1.82800e-03	-8.78949e-11	-5.00000e-09	
725	7.171567e-07	-1.91981e-03	-8.10856e-11	-5.00000e-09	
726	7.181567e-07	-2.00404e-03	-7.39563e-11	-5.00000e-09	
727	7.191567e-07	-2.08037e-03	-6.65351e-11	-5.00000e-09	
728	7.201567e-07	-2.14848e-03	-5.88513e-11	-5.00000e-09	
729	7.211567e-07	-2.20812e-03	-5.09353e-11	-5.00000e-09	
730	7.221567e-07	-2.25904e-03	-4.28182e-11	-5.00000e-09	
731	7.231567e-07	-2.30104e-03	-3.45322e-11	-5.00000e-09	
732	7.241567e-07	-2.33397e-03	-2.61099e-11	-5.00000e-09	
733	7.251567e-07	-2.35768e-03	-1.75845e-11	-5.00000e-09	
734	7.261567e-07	-2.37209e-03	-8.98975e-12	-5.00000e-09	
735	7.271567e-07	-2.37714e-03	-3.59517e-13	-5.00000e-09	
736	7.281567e-07	-2.37280e-03	8.272139e-12	-5.00000e-09	
737	7.291567e-07	-2.35910e-03	1.687115e-11	-5.00000e-09	
738	7.301567e-07	-2.33609e-03	2.540358e-11	-5.00000e-09	
739	7.311567e-07	-2.30386e-03	3.383575e-11	-5.00000e-09	
740	7.321567e-07	-2.26254e-03	4.213438e-11	-5.00000e-09	
741	7.331567e-07	-2.21229e-03	5.026673e-11	-5.00000e-09	
742	7.341567e-07	-2.15331e-03	5.820071e-11	-5.00000e-09	
743	7.351567e-07	-2.08583e-03	6.590499e-11	-5.00000e-09	
744	7.361567e-07	-2.01012e-03	7.334917e-11	-5.00000e-09	
745	7.371567e-07	-1.92648e-03	8.050388e-11	-5.00000e-09	
746	7.381567e-07	-1.83523e-03	8.734087e-11	-5.00000e-09	
747	7.391567e-07	-1.73674e-03	9.383317e-11	-5.00000e-09	
748	7.401567e-07	-1.63139e-03	9.995516e-11	-5.00000e-09	
749	7.411567e-07	-1.51961e-03	1.056827e-10	-5.00000e-09	
750	7.421567e-07	-1.40183e-03	1.109931e-10	-5.00000e-09	

Index   time            e.x1.e1#branch  v1#branch       v2#branch       
--------------------------------------------------------------------------------
751	7.431567e-07	-1.27852e-03	1.158655e-10	-5.00000e-09	
752	7.441567e-07	-1.15016e-03	1.202806e-10	-5.00000e-09	
753	7.451567e-07	-1.01726e-03	1.242210e-10	-5.00000e-09	
754	7.461567e-07	-8.80353e-04	1.276712e-10	-5.00000e-09	
755	7.471567e-07	-7.39967e-04	1.306175e-10	-5.00000e-09	
756	7.481567e-07	-5.96661e-04	1.330484e-10	-5.00000e-09	
757	7.491567e-07	-4.51000e-04	1.349541e-10	-5.00000e-09	
758	7.501567e-07	-3.03559e-04	1.363273e-10	-5.00000e-09	
759	7.511567e-07	-1.54920e-04	1.371624e-10	-5.00000e-09	
760	7.521567e-07	-5.66932e-06	1.374562e-10	-5.00000e-09	
761	7.531567e-07	1.436035e-04	1.372075e-10	-5.00000e-09	
762	7.541567e-07	2.923095e-04	1.364174e-10	-5.00000e-09	
763	7.551567e-07	4.398619e-04	1.350888e-10	-5.00000e-09	
764	7.561567e-07	5.856784e-04	1.332272e-10	-5.00000e-09	
765	7.571567e-07	7.291835e-04	1.308397e-10	-5.00000e-09	
766	7.581567e-07	8.698108e-04	1.279359e-10	-5.00000e-09	
767	7.591567e-07	1.007005e-03	1.245272e-10	-5.00000e-09	
768	7.601567e-07	1.140226e-03	1.206270e-10	-5.00000e-09	
769	7.611567e-07	1.268946e-03	1.162508e-10	-5.00000e-09	
770	7.621567e-07	1.392659e-03	1.114157e-10	-5.00000e-09	
771	7.631567e-07	1.510875e-03	1.061410e-10	-5.00000e-09	
772	7.641567e-07	1.623129e-03	1.004474e-10	-5.00000e-09	
773	7.651567e-07	1.728976e-03	9.435733e-11	-5.00000e-09	
774	7.661567e-07	1.828001e-03	8.789490e-11	-5.00000e-09	
775	7.671567e-07	1.919811e-03	8.108559e-11	-5.00000e-09	
776	7.681567e-07	2.004044e-03	7.395627e-11	-5.00000e-09	
777	7.691567e-07	2.080369e-03	6.653508e-11	-5.00000e-09	
778	7.701567e-07	2.148483e-03	5.885131e-11	-5.00000e-09	
779	7.711567e-07	2.208118e-03	5.093528e-11	-5.00000e-09	
780	7.721567e-07	2.259039e-03	4.281823e-11	-5.00000e-09	
781	7.731567e-07	2.301044e-03	3.453219e-11	-5.00000e-09	
782	7.741567e-07	2.333968e-03	2.610987e-11	-5.00000e-09	
783	7.751567e-07	2.357681e-03	1.758451e-11	-5.00000e-09	
784	7.761567e-07	2.372089e-03	8.989755e-12	-5.00000e-09	
785	7.771567e-07	2.377136e-03	3.595173e-13	-5.00000e-09	
786	7.781567e-07	2.372801e-03	-8.27214e-12	-5.00000e-09	
787	7.791567e-07	2.359102e-03	-1.68711e-11	-5.00000e-09	
788	7.801567e-07	2.336092e-03	-2.54036e-11	-5.00000e-09	
789	7.811567e-07	2.303864e-03	-3.38357e-11	-5.00000e-09	
790	7.821567e-07	2.262542e-03	-4.21344e-11	-5.00000e-09	
791	7.831567e-07	2.212292e-03	-5.02667e-11	-5.00000e-09	
792	7.841567e-07	2.153311e-03	-5.82007e-11	-5.00000e-09	
793	7.851567e-07	2.085831e-03	-6.59050e-11	-5.00000e-09	
794	7.861567e-07	2.010120e-03	-7.33492e-11	-5.00000e-09	
795	7.871567e-07	1.926476e-03	-8.05039e-11	-5.00000e-09	
796	7.881567e-07	1.835228e-03	-8.73409e-11	-5.00000e-09	
797	7.891567e-07	1.736738e-03	-9.38332e-11	-5.00000e-09	
798	7.901567e-07	1.631394e-03	-9.99552e-11	-5.00000e-09	
799	7.911567e-07	1.519612e-03	-1.05683e-10	-5.00000e-09	
800	7.921567e-07	1.401832e-03	-1.10993e-10	-5.00000e-09	
801	7.931567e-07	1.278520e-03	-1.15865e-10	-5.00000e-09	
802	7.941567e-07	1.150162e-03	-1.20281e-10	-5.00000e-09	
803	7.951567e-07	1.017265e-03	-1.24221e-10	-5.00000e-09	
804	7.961567e-07	8.803532e-04	-1.27671e-10	-5.00000e-09	
805	7.971567e-07	7.399672e-04	-1.30618e-10	-5.00000e-09	
806	7.981567e-07	5.966608e-04	-1.33048e-10	-5.00000e-09	
807	7.991567e-07	4.509997e-04	-1.34954e-10	-5.00000e-09	
808	8.001567e-07	3.035587e-04	-1.36327e-10	-5.00000e-09	

Index   time            e.x1.e1#branch  v1#branch       v2#branch       
--------------------------------------------------------------------------------
809	8.011567e-07	1.549197e-04	-1.37162e-10	-5.00000e-09	
810	8.021567e-07	5.669320e-06	-1.37456e-10	-5.00000e-09	
811	8.031567e-07	-1.43603e-04	-1.37208e-10	-5.00000e-09	
812	8.041567e-07	-2.92309e-04	-1.36417e-10	-5.00000e-09	
813	8.051567e-07	-4.39862e-04	-1.35089e-10	-5.00000e-09	
814	8.061567e-07	-5.85678e-04	-1.33227e-10	-5.00000e-09	
815	8.071567e-07	-7.29184e-04	-1.30840e-10	-5.00000e-09	
816	8.081567e-07	-8.69811e-04	-1.27936e-10	-5.00000e-09	
817	8.091567e-07	-1.00701e-03	-1.24527e-10	-5.00000e-09	
818	8.101567e-07	-1.14023e-03	-1.20627e-10	-5.00000e-09	
819	8.111567e-07	-1.26895e-03	-1.16251e-10	-5.00000e-09	
820	8.121567e-07	-1.39266e-03	-1.11416e-10	-5.00000e-09	
821	8.131567e-07	-1.51088e-03	-1.06141e-10	-5.00000e-09	
822	8.141567e-07	-1.62313e-03	-1.00447e-10	-5.00000e-09	
823	8.151567e-07	-1.72898e-03	-9.43573e-11	-5.00000e-09	
824	8.161567e-07	-1.82800e-03	-8.78949e-11	-5.00000e-09	
825	8.171567e-07	-1.91981e-03	-8.10856e-11	-5.00000e-09	
826	8.181567e-07	-2.00404e-03	-7.39563e-11	-5.00000e-09	
827	8.191567e-07	-2.08037e-03	-6.65351e-11	-5.00000e-09	
828	8.201567e-07	-2.14848e-03	-5.88513e-11	-5.00000e-09	
829	8.211567e-07	-2.20812e-03	-5.09353e-11	-5.00000e-09	
830	8.221567e-07	-2.25904e-03	-4.28182e-11	-5.00000e-09	
831	8.231567e-07	-2.30104e-03	-3.45322e-11	-5.00000e-09	
832	8.241567e-07	-2.33397e-03	-2.61099e-11	-5.00000e-09	
833	8.251567e-07	-2.35768e-03	-1.75845e-11	-5.00000e-09	
834	8.261567e-07	-2.37209e-03	-8.98975e-12	-5.00000e-09	
835	8.271567e-07	-2.37714e-03	-3.59517e-13	-5.00000e-09	
836	8.281567e-07	-2.37280e-03	8.272139e-12	-5.00000e-09	
837	8.291567e-07	-2.35910e-03	1.687115e-11	-5.00000e-09	
838	8.301567e-07	-2.33609e-03	2.540358e-11	-5.00000e-09	
839	8.311567e-07	-2.30386e-03	3.383575e-11	-5.00000e-09	
840	8.321567e-07	-2.26254e-03	4.213438e-11	-5.00000e-09	
841	8.331567e-07	-2.21229e-03	5.026673e-11	-5.00000e-09	
842	8.341567e-07	-2.15331e-03	5.820071e-11	-5.00000e-09	
843	8.351567e-07	-2.08583e-03	6.590499e-11	-5.00000e-09	
844	8.361567e-07	-2.01012e-03	7.334917e-11	-5.00000e-09	
845	8.371567e-07	-1.92648e-03	8.050388e-11	-5.00000e-09	
846	8.381567e-07	-1.83523e-03	8.734087e-11	-5.00000e-09	
847	8.391567e-07	-1.73674e-03	9.383317e-11	-5.00000e-09	
848	8.401567e-07	-1.63139e-03	9.995516e-11	-5.00000e-09	
849	8.411567e-07	-1.51961e-03	1.056827e-10	-5.00000e-09	
850	8.421567e-07	-1.40183e-03	1.109931e-10	-5.00000e-09	
851	8.431567e-07	-1.27852e-03	1.158655e-10	-5.00000e-09	
852	8.441567e-07	-1.15016e-03	1.202806e-10	-5.00000e-09	
853	8.451567e-07	-1.01726e-03	1.242210e-10	-5.00000e-09	
854	8.461567e-07	-8.80353e-04	1.276712e-10	-5.00000e-09	
855	8.471567e-07	-7.39967e-04	1.306175e-10	-5.00000e-09	
856	8.481567e-07	-5.96661e-04	1.330484e-10	-5.00000e-09	
857	8.491567e-07	-4.51000e-04	1.349541e-10	-5.00000e-09	
858	8.501567e-07	-3.03559e-04	1.363273e-10	-5.00000e-09	
859	8.511567e-07	-1.54920e-04	1.371624e-10	-5.00000e-09	
860	8.521567e-07	-5.66932e-06	1.374562e-10	-5.00000e-09	
861	8.531567e-07	1.436035e-04	1.372075e-10	-5.00000e-09	
862	8.541567e-07	2.923095e-04	1.364174e-10	-5.00000e-09	
863	8.551567e-07	4.398619e-04	1.350888e-10	-5.00000e-09	
864	8.561567e-07	5.856784e-04	1.332272e-10	-5.00000e-09	
865	8.571567e-07	7.291835e-04	1.308397e-10	-5.00000e-09	
866	8.581567e-07	8.698108e-04	1.279359e-10	-5.00000e-09	

Index   time            e.x1.e1#branch  v1#branch       v2#branch       
--------------------------------------------------------------------------------
867	8.591567e-07	1.007005e-03	1.245272e-10	-5.00000e-09	
868	8.601567e-07	1.140226e-03	1.206270e-10	-5.00000e-09	
869	8.611567e-07	1.268946e-03	1.162508e-10	-5.00000e-09	
870	8.621567e-07	1.392659e-03	1.114157e-10	-5.00000e-09	
871	8.631567e-07	1.510875e-03	1.061410e-10	-5.00000e-09	
872	8.641567e-07	1.623129e-03	1.004474e-10	-5.00000e-09	
873	8.651567e-07	1.728976e-03	9.435733e-11	-5.00000e-09	
874	8.661567e-07	1.828001e-03	8.789490e-11	-5.00000e-09	
875	8.671567e-07	1.919811e-03	8.108559e-11	-5.00000e-09	
876	8.681567e-07	2.004044e-03	7.395627e-11	-5.00000e-09	
877	8.691567e-07	2.080369e-03	6.653508e-11	-5.00000e-09	
878	8.701567e-07	2.148483e-03	5.885131e-11	-5.00000e-09	
879	8.711567e-07	2.208118e-03	5.093528e-11	-5.00000e-09	
880	8.721567e-07	2.259039e-03	4.281823e-11	-5.00000e-09	
881	8.731567e-07	2.301044e-03	3.453219e-11	-5.00000e-09	
882	8.741567e-07	2.333968e-03	2.610987e-11	-5.00000e-09	
883	8.751567e-07	2.357681e-03	1.758451e-11	-5.00000e-09	
884	8.761567e-07	2.372089e-03	8.989755e-12	-5.00000e-09	
885	8.771567e-07	2.377136e-03	3.595173e-13	-5.00000e-09	
886	8.781567e-07	2.372801e-03	-8.27214e-12	-5.00000e-09	
887	8.791567e-07	2.359102e-03	-1.68711e-11	-5.00000e-09	
888	8.801567e-07	2.336092e-03	-2.54036e-11	-5.00000e-09	
889	8.811567e-07	2.303864e-03	-3.38357e-11	-5.00000e-09	
890	8.821567e-07	2.262542e-03	-4.21344e-11	-5.00000e-09	
891	8.831567e-07	2.212292e-03	-5.02667e-11	-5.00000e-09	
892	8.841567e-07	2.153311e-03	-5.82007e-11	-5.00000e-09	
893	8.851567e-07	2.085831e-03	-6.59050e-11	-5.00000e-09	
894	8.861567e-07	2.010120e-03	-7.33492e-11	-5.00000e-09	
895	8.871567e-07	1.926476e-03	-8.05039e-11	-5.00000e-09	
896	8.881567e-07	1.835228e-03	-8.73409e-11	-5.00000e-09	
897	8.891567e-07	1.736738e-03	-9.38332e-11	-5.00000e-09	
898	8.901567e-07	1.631394e-03	-9.99552e-11	-5.00000e-09	
899	8.911567e-07	1.519612e-03	-1.05683e-10	-5.00000e-09	
900	8.921567e-07	1.401832e-03	-1.10993e-10	-5.00000e-09	
901	8.931567e-07	1.278520e-03	-1.15865e-10	-5.00000e-09	
902	8.941567e-07	1.150162e-03	-1.20281e-10	-5.00000e-09	
903	8.951567e-07	1.017265e-03	-1.24221e-10	-5.00000e-09	
904	8.961567e-07	8.803532e-04	-1.27671e-10	-5.00000e-09	
905	8.971567e-07	7.399672e-04	-1.30618e-10	-5.00000e-09	
906	8.981567e-07	5.966608e-04	-1.33048e-10	-5.00000e-09	
907	8.991567e-07	4.509997e-04	-1.34954e-10	-5.00000e-09	
908	9.001567e-07	3.035587e-04	-1.36327e-10	-5.00000e-09	
909	9.011567e-07	1.549197e-04	-1.37162e-10	-5.00000e-09	
910	9.021567e-07	5.669320e-06	-1.37456e-10	-5.00000e-09	
911	9.031567e-07	-1.43603e-04	-1.37208e-10	-5.00000e-09	
912	9.041567e-07	-2.92309e-04	-1.36417e-10	-5.00000e-09	
913	9.051567e-07	-4.39862e-04	-1.35089e-10	-5.00000e-09	
914	9.061567e-07	-5.85678e-04	-1.33227e-10	-5.00000e-09	
915	9.071567e-07	-7.29184e-04	-1.30840e-10	-5.00000e-09	
916	9.081567e-07	-8.69811e-04	-1.27936e-10	-5.00000e-09	
917	9.091567e-07	-1.00701e-03	-1.24527e-10	-5.00000e-09	
918	9.101567e-07	-1.14023e-03	-1.20627e-10	-5.00000e-09	
919	9.111567e-07	-1.26895e-03	-1.16251e-10	-5.00000e-09	
920	9.121567e-07	-1.39266e-03	-1.11416e-10	-5.00000e-09	
921	9.131567e-07	-1.51088e-03	-1.06141e-10	-5.00000e-09	
922	9.141567e-07	-1.62313e-03	-1.00447e-10	-5.00000e-09	
923	9.151567e-07	-1.72898e-03	-9.43573e-11	-5.00000e-09	
924	9.161567e-07	-1.82800e-03	-8.78949e-11	-5.00000e-09	

Index   time            e.x1.e1#branch  v1#branch       v2#branch       
--------------------------------------------------------------------------------
925	9.171567e-07	-1.91981e-03	-8.10856e-11	-5.00000e-09	
926	9.181567e-07	-2.00404e-03	-7.39563e-11	-5.00000e-09	
927	9.191567e-07	-2.08037e-03	-6.65351e-11	-5.00000e-09	
928	9.201567e-07	-2.14848e-03	-5.88513e-11	-5.00000e-09	
929	9.211567e-07	-2.20812e-03	-5.09353e-11	-5.00000e-09	
930	9.221567e-07	-2.25904e-03	-4.28182e-11	-5.00000e-09	
931	9.231567e-07	-2.30104e-03	-3.45322e-11	-5.00000e-09	
932	9.241567e-07	-2.33397e-03	-2.61099e-11	-5.00000e-09	
933	9.251567e-07	-2.35768e-03	-1.75845e-11	-5.00000e-09	
934	9.261567e-07	-2.37209e-03	-8.98975e-12	-5.00000e-09	
935	9.271567e-07	-2.37714e-03	-3.59517e-13	-5.00000e-09	
936	9.281567e-07	-2.37280e-03	8.272139e-12	-5.00000e-09	
937	9.291567e-07	-2.35910e-03	1.687115e-11	-5.00000e-09	
938	9.301567e-07	-2.33609e-03	2.540358e-11	-5.00000e-09	
939	9.311567e-07	-2.30386e-03	3.383575e-11	-5.00000e-09	
940	9.321567e-07	-2.26254e-03	4.213438e-11	-5.00000e-09	
941	9.331567e-07	-2.21229e-03	5.026673e-11	-5.00000e-09	
942	9.341567e-07	-2.15331e-03	5.820071e-11	-5.00000e-09	
943	9.351567e-07	-2.08583e-03	6.590499e-11	-5.00000e-09	
944	9.361567e-07	-2.01012e-03	7.334917e-11	-5.00000e-09	
945	9.371567e-07	-1.92648e-03	8.050388e-11	-5.00000e-09	
946	9.381567e-07	-1.83523e-03	8.734087e-11	-5.00000e-09	
947	9.391567e-07	-1.73674e-03	9.383317e-11	-5.00000e-09	
948	9.401567e-07	-1.63139e-03	9.995516e-11	-5.00000e-09	
949	9.411567e-07	-1.51961e-03	1.056827e-10	-5.00000e-09	
950	9.421567e-07	-1.40183e-03	1.109931e-10	-5.00000e-09	
951	9.431567e-07	-1.27852e-03	1.158655e-10	-5.00000e-09	
952	9.441567e-07	-1.15016e-03	1.202806e-10	-5.00000e-09	
953	9.451567e-07	-1.01726e-03	1.242210e-10	-5.00000e-09	
954	9.461567e-07	-8.80353e-04	1.276712e-10	-5.00000e-09	
955	9.471567e-07	-7.39967e-04	1.306175e-10	-5.00000e-09	
956	9.481567e-07	-5.96661e-04	1.330484e-10	-5.00000e-09	
957	9.491567e-07	-4.51000e-04	1.349541e-10	-5.00000e-09	
958	9.501567e-07	-3.03559e-04	1.363273e-10	-5.00000e-09	
959	9.511567e-07	-1.54920e-04	1.371624e-10	-5.00000e-09	
960	9.521567e-07	-5.66932e-06	1.374562e-10	-5.00000e-09	
961	9.531567e-07	1.436035e-04	1.372075e-10	-5.00000e-09	
962	9.541567e-07	2.923095e-04	1.364174e-10	-5.00000e-09	
963	9.551567e-07	4.398619e-04	1.350888e-10	-5.00000e-09	
964	9.561567e-07	5.856784e-04	1.332272e-10	-5.00000e-09	
965	9.571567e-07	7.291835e-04	1.308397e-10	-5.00000e-09	
966	9.581567e-07	8.698108e-04	1.279359e-10	-5.00000e-09	
967	9.591567e-07	1.007005e-03	1.245272e-10	-5.00000e-09	
968	9.601567e-07	1.140226e-03	1.206270e-10	-5.00000e-09	
969	9.611567e-07	1.268946e-03	1.162508e-10	-5.00000e-09	
970	9.621567e-07	1.392659e-03	1.114157e-10	-5.00000e-09	
971	9.631567e-07	1.510875e-03	1.061410e-10	-5.00000e-09	
972	9.641567e-07	1.623129e-03	1.004474e-10	-5.00000e-09	
973	9.651567e-07	1.728976e-03	9.435733e-11	-5.00000e-09	
974	9.661567e-07	1.828001e-03	8.789490e-11	-5.00000e-09	
975	9.671567e-07	1.919811e-03	8.108559e-11	-5.00000e-09	
976	9.681567e-07	2.004044e-03	7.395627e-11	-5.00000e-09	
977	9.691567e-07	2.080369e-03	6.653508e-11	-5.00000e-09	
978	9.701567e-07	2.148483e-03	5.885131e-11	-5.00000e-09	
979	9.711567e-07	2.208118e-03	5.093528e-11	-5.00000e-09	
980	9.721567e-07	2.259039e-03	4.281823e-11	-5.00000e-09	
981	9.731567e-07	2.301044e-03	3.453219e-11	-5.00000e-09	
982	9.741567e-07	2.333968e-03	2.610987e-11	-5.00000e-09	

Index   time            e.x1.e1#branch  v1#branch       v2#branch       
--------------------------------------------------------------------------------
983	9.751567e-07	2.357681e-03	1.758451e-11	-5.00000e-09	
984	9.761567e-07	2.372089e-03	8.989755e-12	-5.00000e-09	
985	9.771567e-07	2.377136e-03	3.595173e-13	-5.00000e-09	
986	9.781567e-07	2.372801e-03	-8.27214e-12	-5.00000e-09	
987	9.791567e-07	2.359102e-03	-1.68711e-11	-5.00000e-09	
988	9.801567e-07	2.336092e-03	-2.54036e-11	-5.00000e-09	
989	9.811567e-07	2.303864e-03	-3.38357e-11	-5.00000e-09	
990	9.821567e-07	2.262542e-03	-4.21344e-11	-5.00000e-09	
991	9.831567e-07	2.212292e-03	-5.02667e-11	-5.00000e-09	
992	9.841567e-07	2.153311e-03	-5.82007e-11	-5.00000e-09	
993	9.851567e-07	2.085831e-03	-6.59050e-11	-5.00000e-09	
994	9.861567e-07	2.010120e-03	-7.33492e-11	-5.00000e-09	
995	9.871567e-07	1.926476e-03	-8.05039e-11	-5.00000e-09	
996	9.881567e-07	1.835228e-03	-8.73409e-11	-5.00000e-09	
997	9.891567e-07	1.736738e-03	-9.38332e-11	-5.00000e-09	
998	9.901567e-07	1.631394e-03	-9.99552e-11	-5.00000e-09	
999	9.911567e-07	1.519612e-03	-1.05683e-10	-5.00000e-09	
1000	9.921567e-07	1.401832e-03	-1.10993e-10	-5.00000e-09	
1001	9.931567e-07	1.278520e-03	-1.15865e-10	-5.00000e-09	
1002	9.941567e-07	1.150162e-03	-1.20281e-10	-5.00000e-09	
1003	9.951567e-07	1.017265e-03	-1.24221e-10	-5.00000e-09	
1004	9.961567e-07	8.803532e-04	-1.27671e-10	-5.00000e-09	
1005	9.971567e-07	7.399672e-04	-1.30618e-10	-5.00000e-09	
1006	9.981567e-07	5.966608e-04	-1.33048e-10	-5.00000e-09	
1007	9.991567e-07	4.509997e-04	-1.34954e-10	-5.00000e-09	
1008	1.000000e-06	3.267447e-04	-1.36143e-10	-5.00000e-09	

                                kicad schematic
                                Transient Analysis  Mon Jun 22 20:01:16  2026
--------------------------------------------------------------------------------
Index   time            v3#branch       
--------------------------------------------------------------------------------
0	0.000000e+00	-5.00000e-09	
1	1.000000e-11	-5.00000e-09	
2	1.449680e-11	-5.00000e-09	
3	2.349041e-11	-5.00000e-09	
4	4.147763e-11	-5.00000e-09	
5	7.745207e-11	-5.00000e-09	
6	1.494009e-10	-5.00000e-09	
7	2.932987e-10	-5.00000e-09	
8	5.810942e-10	-5.00000e-09	
9	1.156685e-09	-5.00000e-09	
10	2.156685e-09	-5.00000e-09	
11	3.156685e-09	-5.00000e-09	
12	4.156685e-09	-5.00000e-09	
13	5.156685e-09	-5.00000e-09	
14	6.156685e-09	-5.00000e-09	
15	7.156685e-09	-5.00000e-09	
16	8.156685e-09	-5.00000e-09	
17	9.156685e-09	-5.00000e-09	
18	1.015669e-08	-5.00000e-09	
19	1.115669e-08	-5.00000e-09	
20	1.215669e-08	-5.00000e-09	
21	1.315669e-08	-5.00000e-09	
22	1.415669e-08	-5.00000e-09	
23	1.515669e-08	-5.00000e-09	
24	1.615669e-08	-5.00000e-09	
25	1.715669e-08	-5.00000e-09	
26	1.815669e-08	-5.00000e-09	
27	1.915669e-08	-5.00000e-09	
28	2.015669e-08	-5.00000e-09	
29	2.115669e-08	-5.00000e-09	
30	2.215669e-08	-5.00000e-09	
31	2.315669e-08	-5.00000e-09	
32	2.415669e-08	-5.00000e-09	
33	2.515669e-08	-5.00000e-09	
34	2.615669e-08	-5.00000e-09	
35	2.715669e-08	-5.00000e-09	
36	2.815669e-08	-5.00000e-09	
37	2.915669e-08	-5.00000e-09	
38	3.015669e-08	-5.00000e-09	
39	3.115669e-08	-5.00000e-09	
40	3.215669e-08	-5.00000e-09	
41	3.315669e-08	-5.00000e-09	
42	3.415669e-08	-5.00000e-09	
43	3.515669e-08	-5.00000e-09	
44	3.615669e-08	-5.00000e-09	
45	3.715669e-08	-5.00000e-09	
46	3.815669e-08	-5.00000e-09	
47	3.915669e-08	-5.00000e-09	
48	4.015669e-08	-5.00000e-09	
49	4.115669e-08	-5.00000e-09	
50	4.215669e-08	-5.00000e-09	
51	4.315669e-08	-5.00000e-09	
52	4.415669e-08	-5.00000e-09	
53	4.515669e-08	-5.00000e-09	
54	4.615669e-08	-5.00000e-09	

Index   time            v3#branch       
--------------------------------------------------------------------------------
55	4.715669e-08	-5.00000e-09	
56	4.815669e-08	-5.00000e-09	
57	4.915669e-08	-5.00000e-09	
58	5.015669e-08	-5.00000e-09	
59	5.115669e-08	-5.00000e-09	
60	5.215669e-08	-5.00000e-09	
61	5.315669e-08	-5.00000e-09	
62	5.415669e-08	-5.00000e-09	
63	5.515669e-08	-5.00000e-09	
64	5.615669e-08	-5.00000e-09	
65	5.715669e-08	-5.00000e-09	
66	5.815669e-08	-5.00000e-09	
67	5.915669e-08	-5.00000e-09	
68	6.015669e-08	-5.00000e-09	
69	6.115669e-08	-5.00000e-09	
70	6.215669e-08	-5.00000e-09	
71	6.315669e-08	-5.00000e-09	
72	6.415669e-08	-5.00000e-09	
73	6.515669e-08	-5.00000e-09	
74	6.615669e-08	-5.00000e-09	
75	6.715669e-08	-5.00000e-09	
76	6.815669e-08	-5.00000e-09	
77	6.915669e-08	-5.00000e-09	
78	7.015669e-08	-5.00000e-09	
79	7.115669e-08	-5.00000e-09	
80	7.215669e-08	-5.00000e-09	
81	7.315669e-08	-5.00000e-09	
82	7.415669e-08	-5.00000e-09	
83	7.515669e-08	-5.00000e-09	
84	7.615669e-08	-5.00000e-09	
85	7.715669e-08	-5.00000e-09	
86	7.815669e-08	-5.00000e-09	
87	7.915669e-08	-5.00000e-09	
88	8.015669e-08	-5.00000e-09	
89	8.115669e-08	-5.00000e-09	
90	8.215669e-08	-5.00000e-09	
91	8.315669e-08	-5.00000e-09	
92	8.415669e-08	-5.00000e-09	
93	8.515669e-08	-5.00000e-09	
94	8.615669e-08	-5.00000e-09	
95	8.715669e-08	-5.00000e-09	
96	8.815669e-08	-5.00000e-09	
97	8.915669e-08	-5.00000e-09	
98	9.015669e-08	-5.00000e-09	
99	9.115669e-08	-5.00000e-09	
100	9.215669e-08	-5.00000e-09	
101	9.315669e-08	-5.00000e-09	
102	9.415669e-08	-5.00000e-09	
103	9.515669e-08	-5.00000e-09	
104	9.615669e-08	-5.00000e-09	
105	9.715669e-08	-5.00000e-09	
106	9.815669e-08	-5.00000e-09	
107	9.915669e-08	-5.00000e-09	
108	1.001567e-07	-5.00000e-09	
109	1.011567e-07	-5.00000e-09	
110	1.021567e-07	-5.00000e-09	
111	1.031567e-07	-5.00000e-09	
112	1.041567e-07	-5.00000e-09	

Index   time            v3#branch       
--------------------------------------------------------------------------------
113	1.051567e-07	-5.00000e-09	
114	1.061567e-07	-5.00000e-09	
115	1.071567e-07	-5.00000e-09	
116	1.081567e-07	-5.00000e-09	
117	1.091567e-07	-5.00000e-09	
118	1.101567e-07	-5.00000e-09	
119	1.111567e-07	-5.00000e-09	
120	1.121567e-07	-5.00000e-09	
121	1.131567e-07	-5.00000e-09	
122	1.141567e-07	-5.00000e-09	
123	1.151567e-07	-5.00000e-09	
124	1.161567e-07	-5.00000e-09	
125	1.171567e-07	-5.00000e-09	
126	1.181567e-07	-5.00000e-09	
127	1.191567e-07	-5.00000e-09	
128	1.201567e-07	-5.00000e-09	
129	1.211567e-07	-5.00000e-09	
130	1.221567e-07	-5.00000e-09	
131	1.231567e-07	-5.00000e-09	
132	1.241567e-07	-5.00000e-09	
133	1.251567e-07	-5.00000e-09	
134	1.261567e-07	-5.00000e-09	
135	1.271567e-07	-5.00000e-09	
136	1.281567e-07	-5.00000e-09	
137	1.291567e-07	-5.00000e-09	
138	1.301567e-07	-5.00000e-09	
139	1.311567e-07	-5.00000e-09	
140	1.321567e-07	-5.00000e-09	
141	1.331567e-07	-5.00000e-09	
142	1.341567e-07	-5.00000e-09	
143	1.351567e-07	-5.00000e-09	
144	1.361567e-07	-5.00000e-09	
145	1.371567e-07	-5.00000e-09	
146	1.381567e-07	-5.00000e-09	
147	1.391567e-07	-5.00000e-09	
148	1.401567e-07	-5.00000e-09	
149	1.411567e-07	-5.00000e-09	
150	1.421567e-07	-5.00000e-09	
151	1.431567e-07	-5.00000e-09	
152	1.441567e-07	-5.00000e-09	
153	1.451567e-07	-5.00000e-09	
154	1.461567e-07	-5.00000e-09	
155	1.471567e-07	-5.00000e-09	
156	1.481567e-07	-5.00000e-09	
157	1.491567e-07	-5.00000e-09	
158	1.501567e-07	-5.00000e-09	
159	1.511567e-07	-5.00000e-09	
160	1.521567e-07	-5.00000e-09	
161	1.531567e-07	-5.00000e-09	
162	1.541567e-07	-5.00000e-09	
163	1.551567e-07	-5.00000e-09	
164	1.561567e-07	-5.00000e-09	
165	1.571567e-07	-5.00000e-09	
166	1.581567e-07	-5.00000e-09	
167	1.591567e-07	-5.00000e-09	
168	1.601567e-07	-5.00000e-09	
169	1.611567e-07	-5.00000e-09	
170	1.621567e-07	-5.00000e-09	

Index   time            v3#branch       
--------------------------------------------------------------------------------
171	1.631567e-07	-5.00000e-09	
172	1.641567e-07	-5.00000e-09	
173	1.651567e-07	-5.00000e-09	
174	1.661567e-07	-5.00000e-09	
175	1.671567e-07	-5.00000e-09	
176	1.681567e-07	-5.00000e-09	
177	1.691567e-07	-5.00000e-09	
178	1.701567e-07	-5.00000e-09	
179	1.711567e-07	-5.00000e-09	
180	1.721567e-07	-5.00000e-09	
181	1.731567e-07	-5.00000e-09	
182	1.741567e-07	-5.00000e-09	
183	1.751567e-07	-5.00000e-09	
184	1.761567e-07	-5.00000e-09	
185	1.771567e-07	-5.00000e-09	
186	1.781567e-07	-5.00000e-09	
187	1.791567e-07	-5.00000e-09	
188	1.801567e-07	-5.00000e-09	
189	1.811567e-07	-5.00000e-09	
190	1.821567e-07	-5.00000e-09	
191	1.831567e-07	-5.00000e-09	
192	1.841567e-07	-5.00000e-09	
193	1.851567e-07	-5.00000e-09	
194	1.861567e-07	-5.00000e-09	
195	1.871567e-07	-5.00000e-09	
196	1.881567e-07	-5.00000e-09	
197	1.891567e-07	-5.00000e-09	
198	1.901567e-07	-5.00000e-09	
199	1.911567e-07	-5.00000e-09	
200	1.921567e-07	-5.00000e-09	
201	1.931567e-07	-5.00000e-09	
202	1.941567e-07	-5.00000e-09	
203	1.951567e-07	-5.00000e-09	
204	1.961567e-07	-5.00000e-09	
205	1.971567e-07	-5.00000e-09	
206	1.981567e-07	-5.00000e-09	
207	1.991567e-07	-5.00000e-09	
208	2.001567e-07	-5.00000e-09	
209	2.011567e-07	-5.00000e-09	
210	2.021567e-07	-5.00000e-09	
211	2.031567e-07	-5.00000e-09	
212	2.041567e-07	-5.00000e-09	
213	2.051567e-07	-5.00000e-09	
214	2.061567e-07	-5.00000e-09	
215	2.071567e-07	-5.00000e-09	
216	2.081567e-07	-5.00000e-09	
217	2.091567e-07	-5.00000e-09	
218	2.101567e-07	-5.00000e-09	
219	2.111567e-07	-5.00000e-09	
220	2.121567e-07	-5.00000e-09	
221	2.131567e-07	-5.00000e-09	
222	2.141567e-07	-5.00000e-09	
223	2.151567e-07	-5.00000e-09	
224	2.161567e-07	-5.00000e-09	
225	2.171567e-07	-5.00000e-09	
226	2.181567e-07	-5.00000e-09	
227	2.191567e-07	-5.00000e-09	
228	2.201567e-07	-5.00000e-09	

Index   time            v3#branch       
--------------------------------------------------------------------------------
229	2.211567e-07	-5.00000e-09	
230	2.221567e-07	-5.00000e-09	
231	2.231567e-07	-5.00000e-09	
232	2.241567e-07	-5.00000e-09	
233	2.251567e-07	-5.00000e-09	
234	2.261567e-07	-5.00000e-09	
235	2.271567e-07	-5.00000e-09	
236	2.281567e-07	-5.00000e-09	
237	2.291567e-07	-5.00000e-09	
238	2.301567e-07	-5.00000e-09	
239	2.311567e-07	-5.00000e-09	
240	2.321567e-07	-5.00000e-09	
241	2.331567e-07	-5.00000e-09	
242	2.341567e-07	-5.00000e-09	
243	2.351567e-07	-5.00000e-09	
244	2.361567e-07	-5.00000e-09	
245	2.371567e-07	-5.00000e-09	
246	2.381567e-07	-5.00000e-09	
247	2.391567e-07	-5.00000e-09	
248	2.401567e-07	-5.00000e-09	
249	2.411567e-07	-5.00000e-09	
250	2.421567e-07	-5.00000e-09	
251	2.431567e-07	-5.00000e-09	
252	2.441567e-07	-5.00000e-09	
253	2.451567e-07	-5.00000e-09	
254	2.461567e-07	-5.00000e-09	
255	2.471567e-07	-5.00000e-09	
256	2.481567e-07	-5.00000e-09	
257	2.491567e-07	-5.00000e-09	
258	2.501567e-07	-5.00000e-09	
259	2.511567e-07	-5.00000e-09	
260	2.521567e-07	-5.00000e-09	
261	2.531567e-07	-5.00000e-09	
262	2.541567e-07	-5.00000e-09	
263	2.551567e-07	-5.00000e-09	
264	2.561567e-07	-5.00000e-09	
265	2.571567e-07	-5.00000e-09	
266	2.581567e-07	-5.00000e-09	
267	2.591567e-07	-5.00000e-09	
268	2.601567e-07	-5.00000e-09	
269	2.611567e-07	-5.00000e-09	
270	2.621567e-07	-5.00000e-09	
271	2.631567e-07	-5.00000e-09	
272	2.641567e-07	-5.00000e-09	
273	2.651567e-07	-5.00000e-09	
274	2.661567e-07	-5.00000e-09	
275	2.671567e-07	-5.00000e-09	
276	2.681567e-07	-5.00000e-09	
277	2.691567e-07	-5.00000e-09	
278	2.701567e-07	-5.00000e-09	
279	2.711567e-07	-5.00000e-09	
280	2.721567e-07	-5.00000e-09	
281	2.731567e-07	-5.00000e-09	
282	2.741567e-07	-5.00000e-09	
283	2.751567e-07	-5.00000e-09	
284	2.761567e-07	-5.00000e-09	
285	2.771567e-07	-5.00000e-09	
286	2.781567e-07	-5.00000e-09	

Index   time            v3#branch       
--------------------------------------------------------------------------------
287	2.791567e-07	-5.00000e-09	
288	2.801567e-07	-5.00000e-09	
289	2.811567e-07	-5.00000e-09	
290	2.821567e-07	-5.00000e-09	
291	2.831567e-07	-5.00000e-09	
292	2.841567e-07	-5.00000e-09	
293	2.851567e-07	-5.00000e-09	
294	2.861567e-07	-5.00000e-09	
295	2.871567e-07	-5.00000e-09	
296	2.881567e-07	-5.00000e-09	
297	2.891567e-07	-5.00000e-09	
298	2.901567e-07	-5.00000e-09	
299	2.911567e-07	-5.00000e-09	
300	2.921567e-07	-5.00000e-09	
301	2.931567e-07	-5.00000e-09	
302	2.941567e-07	-5.00000e-09	
303	2.951567e-07	-5.00000e-09	
304	2.961567e-07	-5.00000e-09	
305	2.971567e-07	-5.00000e-09	
306	2.981567e-07	-5.00000e-09	
307	2.991567e-07	-5.00000e-09	
308	3.001567e-07	-5.00000e-09	
309	3.011567e-07	-5.00000e-09	
310	3.021567e-07	-5.00000e-09	
311	3.031567e-07	-5.00000e-09	
312	3.041567e-07	-5.00000e-09	
313	3.051567e-07	-5.00000e-09	
314	3.061567e-07	-5.00000e-09	
315	3.071567e-07	-5.00000e-09	
316	3.081567e-07	-5.00000e-09	
317	3.091567e-07	-5.00000e-09	
318	3.101567e-07	-5.00000e-09	
319	3.111567e-07	-5.00000e-09	
320	3.121567e-07	-5.00000e-09	
321	3.131567e-07	-5.00000e-09	
322	3.141567e-07	-5.00000e-09	
323	3.151567e-07	-5.00000e-09	
324	3.161567e-07	-5.00000e-09	
325	3.171567e-07	-5.00000e-09	
326	3.181567e-07	-5.00000e-09	
327	3.191567e-07	-5.00000e-09	
328	3.201567e-07	-5.00000e-09	
329	3.211567e-07	-5.00000e-09	
330	3.221567e-07	-5.00000e-09	
331	3.231567e-07	-5.00000e-09	
332	3.241567e-07	-5.00000e-09	
333	3.251567e-07	-5.00000e-09	
334	3.261567e-07	-5.00000e-09	
335	3.271567e-07	-5.00000e-09	
336	3.281567e-07	-5.00000e-09	
337	3.291567e-07	-5.00000e-09	
338	3.301567e-07	-5.00000e-09	
339	3.311567e-07	-5.00000e-09	
340	3.321567e-07	-5.00000e-09	
341	3.331567e-07	-5.00000e-09	
342	3.341567e-07	-5.00000e-09	
343	3.351567e-07	-5.00000e-09	
344	3.361567e-07	-5.00000e-09	

Index   time            v3#branch       
--------------------------------------------------------------------------------
345	3.371567e-07	-5.00000e-09	
346	3.381567e-07	-5.00000e-09	
347	3.391567e-07	-5.00000e-09	
348	3.401567e-07	-5.00000e-09	
349	3.411567e-07	-5.00000e-09	
350	3.421567e-07	-5.00000e-09	
351	3.431567e-07	-5.00000e-09	
352	3.441567e-07	-5.00000e-09	
353	3.451567e-07	-5.00000e-09	
354	3.461567e-07	-5.00000e-09	
355	3.471567e-07	-5.00000e-09	
356	3.481567e-07	-5.00000e-09	
357	3.491567e-07	-5.00000e-09	
358	3.501567e-07	-5.00000e-09	
359	3.511567e-07	-5.00000e-09	
360	3.521567e-07	-5.00000e-09	
361	3.531567e-07	-5.00000e-09	
362	3.541567e-07	-5.00000e-09	
363	3.551567e-07	-5.00000e-09	
364	3.561567e-07	-5.00000e-09	
365	3.571567e-07	-5.00000e-09	
366	3.581567e-07	-5.00000e-09	
367	3.591567e-07	-5.00000e-09	
368	3.601567e-07	-5.00000e-09	
369	3.611567e-07	-5.00000e-09	
370	3.621567e-07	-5.00000e-09	
371	3.631567e-07	-5.00000e-09	
372	3.641567e-07	-5.00000e-09	
373	3.651567e-07	-5.00000e-09	
374	3.661567e-07	-5.00000e-09	
375	3.671567e-07	-5.00000e-09	
376	3.681567e-07	-5.00000e-09	
377	3.691567e-07	-5.00000e-09	
378	3.701567e-07	-5.00000e-09	
379	3.711567e-07	-5.00000e-09	
380	3.721567e-07	-5.00000e-09	
381	3.731567e-07	-5.00000e-09	
382	3.741567e-07	-5.00000e-09	
383	3.751567e-07	-5.00000e-09	
384	3.761567e-07	-5.00000e-09	
385	3.771567e-07	-5.00000e-09	
386	3.781567e-07	-5.00000e-09	
387	3.791567e-07	-5.00000e-09	
388	3.801567e-07	-5.00000e-09	
389	3.811567e-07	-5.00000e-09	
390	3.821567e-07	-5.00000e-09	
391	3.831567e-07	-5.00000e-09	
392	3.841567e-07	-5.00000e-09	
393	3.851567e-07	-5.00000e-09	
394	3.861567e-07	-5.00000e-09	
395	3.871567e-07	-5.00000e-09	
396	3.881567e-07	-5.00000e-09	
397	3.891567e-07	-5.00000e-09	
398	3.901567e-07	-5.00000e-09	
399	3.911567e-07	-5.00000e-09	
400	3.921567e-07	-5.00000e-09	
401	3.931567e-07	-5.00000e-09	
402	3.941567e-07	-5.00000e-09	

Index   time            v3#branch       
--------------------------------------------------------------------------------
403	3.951567e-07	-5.00000e-09	
404	3.961567e-07	-5.00000e-09	
405	3.971567e-07	-5.00000e-09	
406	3.981567e-07	-5.00000e-09	
407	3.991567e-07	-5.00000e-09	
408	4.001567e-07	-5.00000e-09	
409	4.011567e-07	-5.00000e-09	
410	4.021567e-07	-5.00000e-09	
411	4.031567e-07	-5.00000e-09	
412	4.041567e-07	-5.00000e-09	
413	4.051567e-07	-5.00000e-09	
414	4.061567e-07	-5.00000e-09	
415	4.071567e-07	-5.00000e-09	
416	4.081567e-07	-5.00000e-09	
417	4.091567e-07	-5.00000e-09	
418	4.101567e-07	-5.00000e-09	
419	4.111567e-07	-5.00000e-09	
420	4.121567e-07	-5.00000e-09	
421	4.131567e-07	-5.00000e-09	
422	4.141567e-07	-5.00000e-09	
423	4.151567e-07	-5.00000e-09	
424	4.161567e-07	-5.00000e-09	
425	4.171567e-07	-5.00000e-09	
426	4.181567e-07	-5.00000e-09	
427	4.191567e-07	-5.00000e-09	
428	4.201567e-07	-5.00000e-09	
429	4.211567e-07	-5.00000e-09	
430	4.221567e-07	-5.00000e-09	
431	4.231567e-07	-5.00000e-09	
432	4.241567e-07	-5.00000e-09	
433	4.251567e-07	-5.00000e-09	
434	4.261567e-07	-5.00000e-09	
435	4.271567e-07	-5.00000e-09	
436	4.281567e-07	-5.00000e-09	
437	4.291567e-07	-5.00000e-09	
438	4.301567e-07	-5.00000e-09	
439	4.311567e-07	-5.00000e-09	
440	4.321567e-07	-5.00000e-09	
441	4.331567e-07	-5.00000e-09	
442	4.341567e-07	-5.00000e-09	
443	4.351567e-07	-5.00000e-09	
444	4.361567e-07	-5.00000e-09	
445	4.371567e-07	-5.00000e-09	
446	4.381567e-07	-5.00000e-09	
447	4.391567e-07	-5.00000e-09	
448	4.401567e-07	-5.00000e-09	
449	4.411567e-07	-5.00000e-09	
450	4.421567e-07	-5.00000e-09	
451	4.431567e-07	-5.00000e-09	
452	4.441567e-07	-5.00000e-09	
453	4.451567e-07	-5.00000e-09	
454	4.461567e-07	-5.00000e-09	
455	4.471567e-07	-5.00000e-09	
456	4.481567e-07	-5.00000e-09	
457	4.491567e-07	-5.00000e-09	
458	4.501567e-07	-5.00000e-09	
459	4.511567e-07	-5.00000e-09	
460	4.521567e-07	-5.00000e-09	

Index   time            v3#branch       
--------------------------------------------------------------------------------
461	4.531567e-07	-5.00000e-09	
462	4.541567e-07	-5.00000e-09	
463	4.551567e-07	-5.00000e-09	
464	4.561567e-07	-5.00000e-09	
465	4.571567e-07	-5.00000e-09	
466	4.581567e-07	-5.00000e-09	
467	4.591567e-07	-5.00000e-09	
468	4.601567e-07	-5.00000e-09	
469	4.611567e-07	-5.00000e-09	
470	4.621567e-07	-5.00000e-09	
471	4.631567e-07	-5.00000e-09	
472	4.641567e-07	-5.00000e-09	
473	4.651567e-07	-5.00000e-09	
474	4.661567e-07	-5.00000e-09	
475	4.671567e-07	-5.00000e-09	
476	4.681567e-07	-5.00000e-09	
477	4.691567e-07	-5.00000e-09	
478	4.701567e-07	-5.00000e-09	
479	4.711567e-07	-5.00000e-09	
480	4.721567e-07	-5.00000e-09	
481	4.731567e-07	-5.00000e-09	
482	4.741567e-07	-5.00000e-09	
483	4.751567e-07	-5.00000e-09	
484	4.761567e-07	-5.00000e-09	
485	4.771567e-07	-5.00000e-09	
486	4.781567e-07	-5.00000e-09	
487	4.791567e-07	-5.00000e-09	
488	4.801567e-07	-5.00000e-09	
489	4.811567e-07	-5.00000e-09	
490	4.821567e-07	-5.00000e-09	
491	4.831567e-07	-5.00000e-09	
492	4.841567e-07	-5.00000e-09	
493	4.851567e-07	-5.00000e-09	
494	4.861567e-07	-5.00000e-09	
495	4.871567e-07	-5.00000e-09	
496	4.881567e-07	-5.00000e-09	
497	4.891567e-07	-5.00000e-09	
498	4.901567e-07	-5.00000e-09	
499	4.911567e-07	-5.00000e-09	
500	4.921567e-07	-5.00000e-09	
501	4.931567e-07	-5.00000e-09	
502	4.941567e-07	-5.00000e-09	
503	4.951567e-07	-5.00000e-09	
504	4.961567e-07	-5.00000e-09	
505	4.971567e-07	-5.00000e-09	
506	4.981567e-07	-5.00000e-09	
507	4.991567e-07	-5.00000e-09	
508	5.001567e-07	-5.00000e-09	
509	5.011567e-07	-5.00000e-09	
510	5.021567e-07	-5.00000e-09	
511	5.031567e-07	-5.00000e-09	
512	5.041567e-07	-5.00000e-09	
513	5.051567e-07	-5.00000e-09	
514	5.061567e-07	-5.00000e-09	
515	5.071567e-07	-5.00000e-09	
516	5.081567e-07	-5.00000e-09	
517	5.091567e-07	-5.00000e-09	
518	5.101567e-07	-5.00000e-09	

Index   time            v3#branch       
--------------------------------------------------------------------------------
519	5.111567e-07	-5.00000e-09	
520	5.121567e-07	-5.00000e-09	
521	5.131567e-07	-5.00000e-09	
522	5.141567e-07	-5.00000e-09	
523	5.151567e-07	-5.00000e-09	
524	5.161567e-07	-5.00000e-09	
525	5.171567e-07	-5.00000e-09	
526	5.181567e-07	-5.00000e-09	
527	5.191567e-07	-5.00000e-09	
528	5.201567e-07	-5.00000e-09	
529	5.211567e-07	-5.00000e-09	
530	5.221567e-07	-5.00000e-09	
531	5.231567e-07	-5.00000e-09	
532	5.241567e-07	-5.00000e-09	
533	5.251567e-07	-5.00000e-09	
534	5.261567e-07	-5.00000e-09	
535	5.271567e-07	-5.00000e-09	
536	5.281567e-07	-5.00000e-09	
537	5.291567e-07	-5.00000e-09	
538	5.301567e-07	-5.00000e-09	
539	5.311567e-07	-5.00000e-09	
540	5.321567e-07	-5.00000e-09	
541	5.331567e-07	-5.00000e-09	
542	5.341567e-07	-5.00000e-09	
543	5.351567e-07	-5.00000e-09	
544	5.361567e-07	-5.00000e-09	
545	5.371567e-07	-5.00000e-09	
546	5.381567e-07	-5.00000e-09	
547	5.391567e-07	-5.00000e-09	
548	5.401567e-07	-5.00000e-09	
549	5.411567e-07	-5.00000e-09	
550	5.421567e-07	-5.00000e-09	
551	5.431567e-07	-5.00000e-09	
552	5.441567e-07	-5.00000e-09	
553	5.451567e-07	-5.00000e-09	
554	5.461567e-07	-5.00000e-09	
555	5.471567e-07	-5.00000e-09	
556	5.481567e-07	-5.00000e-09	
557	5.491567e-07	-5.00000e-09	
558	5.501567e-07	-5.00000e-09	
559	5.511567e-07	-5.00000e-09	
560	5.521567e-07	-5.00000e-09	
561	5.531567e-07	-5.00000e-09	
562	5.541567e-07	-5.00000e-09	
563	5.551567e-07	-5.00000e-09	
564	5.561567e-07	-5.00000e-09	
565	5.571567e-07	-5.00000e-09	
566	5.581567e-07	-5.00000e-09	
567	5.591567e-07	-5.00000e-09	
568	5.601567e-07	-5.00000e-09	
569	5.611567e-07	-5.00000e-09	
570	5.621567e-07	-5.00000e-09	
571	5.631567e-07	-5.00000e-09	
572	5.641567e-07	-5.00000e-09	
573	5.651567e-07	-5.00000e-09	
574	5.661567e-07	-5.00000e-09	
575	5.671567e-07	-5.00000e-09	
576	5.681567e-07	-5.00000e-09	

Index   time            v3#branch       
--------------------------------------------------------------------------------
577	5.691567e-07	-5.00000e-09	
578	5.701567e-07	-5.00000e-09	
579	5.711567e-07	-5.00000e-09	
580	5.721567e-07	-5.00000e-09	
581	5.731567e-07	-5.00000e-09	
582	5.741567e-07	-5.00000e-09	
583	5.751567e-07	-5.00000e-09	
584	5.761567e-07	-5.00000e-09	
585	5.771567e-07	-5.00000e-09	
586	5.781567e-07	-5.00000e-09	
587	5.791567e-07	-5.00000e-09	
588	5.801567e-07	-5.00000e-09	
589	5.811567e-07	-5.00000e-09	
590	5.821567e-07	-5.00000e-09	
591	5.831567e-07	-5.00000e-09	
592	5.841567e-07	-5.00000e-09	
593	5.851567e-07	-5.00000e-09	
594	5.861567e-07	-5.00000e-09	
595	5.871567e-07	-5.00000e-09	
596	5.881567e-07	-5.00000e-09	
597	5.891567e-07	-5.00000e-09	
598	5.901567e-07	-5.00000e-09	
599	5.911567e-07	-5.00000e-09	
600	5.921567e-07	-5.00000e-09	
601	5.931567e-07	-5.00000e-09	
602	5.941567e-07	-5.00000e-09	
603	5.951567e-07	-5.00000e-09	
604	5.961567e-07	-5.00000e-09	
605	5.971567e-07	-5.00000e-09	
606	5.981567e-07	-5.00000e-09	
607	5.991567e-07	-5.00000e-09	
608	6.001567e-07	-5.00000e-09	
609	6.011567e-07	-5.00000e-09	
610	6.021567e-07	-5.00000e-09	
611	6.031567e-07	-5.00000e-09	
612	6.041567e-07	-5.00000e-09	
613	6.051567e-07	-5.00000e-09	
614	6.061567e-07	-5.00000e-09	
615	6.071567e-07	-5.00000e-09	
616	6.081567e-07	-5.00000e-09	
617	6.091567e-07	-5.00000e-09	
618	6.101567e-07	-5.00000e-09	
619	6.111567e-07	-5.00000e-09	
620	6.121567e-07	-5.00000e-09	
621	6.131567e-07	-5.00000e-09	
622	6.141567e-07	-5.00000e-09	
623	6.151567e-07	-5.00000e-09	
624	6.161567e-07	-5.00000e-09	
625	6.171567e-07	-5.00000e-09	
626	6.181567e-07	-5.00000e-09	
627	6.191567e-07	-5.00000e-09	
628	6.201567e-07	-5.00000e-09	
629	6.211567e-07	-5.00000e-09	
630	6.221567e-07	-5.00000e-09	
631	6.231567e-07	-5.00000e-09	
632	6.241567e-07	-5.00000e-09	
633	6.251567e-07	-5.00000e-09	
634	6.261567e-07	-5.00000e-09	

Index   time            v3#branch       
--------------------------------------------------------------------------------
635	6.271567e-07	-5.00000e-09	
636	6.281567e-07	-5.00000e-09	
637	6.291567e-07	-5.00000e-09	
638	6.301567e-07	-5.00000e-09	
639	6.311567e-07	-5.00000e-09	
640	6.321567e-07	-5.00000e-09	
641	6.331567e-07	-5.00000e-09	
642	6.341567e-07	-5.00000e-09	
643	6.351567e-07	-5.00000e-09	
644	6.361567e-07	-5.00000e-09	
645	6.371567e-07	-5.00000e-09	
646	6.381567e-07	-5.00000e-09	
647	6.391567e-07	-5.00000e-09	
648	6.401567e-07	-5.00000e-09	
649	6.411567e-07	-5.00000e-09	
650	6.421567e-07	-5.00000e-09	
651	6.431567e-07	-5.00000e-09	
652	6.441567e-07	-5.00000e-09	
653	6.451567e-07	-5.00000e-09	
654	6.461567e-07	-5.00000e-09	
655	6.471567e-07	-5.00000e-09	
656	6.481567e-07	-5.00000e-09	
657	6.491567e-07	-5.00000e-09	
658	6.501567e-07	-5.00000e-09	
659	6.511567e-07	-5.00000e-09	
660	6.521567e-07	-5.00000e-09	
661	6.531567e-07	-5.00000e-09	
662	6.541567e-07	-5.00000e-09	
663	6.551567e-07	-5.00000e-09	
664	6.561567e-07	-5.00000e-09	
665	6.571567e-07	-5.00000e-09	
666	6.581567e-07	-5.00000e-09	
667	6.591567e-07	-5.00000e-09	
668	6.601567e-07	-5.00000e-09	
669	6.611567e-07	-5.00000e-09	
670	6.621567e-07	-5.00000e-09	
671	6.631567e-07	-5.00000e-09	
672	6.641567e-07	-5.00000e-09	
673	6.651567e-07	-5.00000e-09	
674	6.661567e-07	-5.00000e-09	
675	6.671567e-07	-5.00000e-09	
676	6.681567e-07	-5.00000e-09	
677	6.691567e-07	-5.00000e-09	
678	6.701567e-07	-5.00000e-09	
679	6.711567e-07	-5.00000e-09	
680	6.721567e-07	-5.00000e-09	
681	6.731567e-07	-5.00000e-09	
682	6.741567e-07	-5.00000e-09	
683	6.751567e-07	-5.00000e-09	
684	6.761567e-07	-5.00000e-09	
685	6.771567e-07	-5.00000e-09	
686	6.781567e-07	-5.00000e-09	
687	6.791567e-07	-5.00000e-09	
688	6.801567e-07	-5.00000e-09	
689	6.811567e-07	-5.00000e-09	
690	6.821567e-07	-5.00000e-09	
691	6.831567e-07	-5.00000e-09	
692	6.841567e-07	-5.00000e-09	

Index   time            v3#branch       
--------------------------------------------------------------------------------
693	6.851567e-07	-5.00000e-09	
694	6.861567e-07	-5.00000e-09	
695	6.871567e-07	-5.00000e-09	
696	6.881567e-07	-5.00000e-09	
697	6.891567e-07	-5.00000e-09	
698	6.901567e-07	-5.00000e-09	
699	6.911567e-07	-5.00000e-09	
700	6.921567e-07	-5.00000e-09	
701	6.931567e-07	-5.00000e-09	
702	6.941567e-07	-5.00000e-09	
703	6.951567e-07	-5.00000e-09	
704	6.961567e-07	-5.00000e-09	
705	6.971567e-07	-5.00000e-09	
706	6.981567e-07	-5.00000e-09	
707	6.991567e-07	-5.00000e-09	
708	7.001567e-07	-5.00000e-09	
709	7.011567e-07	-5.00000e-09	
710	7.021567e-07	-5.00000e-09	
711	7.031567e-07	-5.00000e-09	
712	7.041567e-07	-5.00000e-09	
713	7.051567e-07	-5.00000e-09	
714	7.061567e-07	-5.00000e-09	
715	7.071567e-07	-5.00000e-09	
716	7.081567e-07	-5.00000e-09	
717	7.091567e-07	-5.00000e-09	
718	7.101567e-07	-5.00000e-09	
719	7.111567e-07	-5.00000e-09	
720	7.121567e-07	-5.00000e-09	
721	7.131567e-07	-5.00000e-09	
722	7.141567e-07	-5.00000e-09	
723	7.151567e-07	-5.00000e-09	
724	7.161567e-07	-5.00000e-09	
725	7.171567e-07	-5.00000e-09	
726	7.181567e-07	-5.00000e-09	
727	7.191567e-07	-5.00000e-09	
728	7.201567e-07	-5.00000e-09	
729	7.211567e-07	-5.00000e-09	
730	7.221567e-07	-5.00000e-09	
731	7.231567e-07	-5.00000e-09	
732	7.241567e-07	-5.00000e-09	
733	7.251567e-07	-5.00000e-09	
734	7.261567e-07	-5.00000e-09	
735	7.271567e-07	-5.00000e-09	
736	7.281567e-07	-5.00000e-09	
737	7.291567e-07	-5.00000e-09	
738	7.301567e-07	-5.00000e-09	
739	7.311567e-07	-5.00000e-09	
740	7.321567e-07	-5.00000e-09	
741	7.331567e-07	-5.00000e-09	
742	7.341567e-07	-5.00000e-09	
743	7.351567e-07	-5.00000e-09	
744	7.361567e-07	-5.00000e-09	
745	7.371567e-07	-5.00000e-09	
746	7.381567e-07	-5.00000e-09	
747	7.391567e-07	-5.00000e-09	
748	7.401567e-07	-5.00000e-09	
749	7.411567e-07	-5.00000e-09	
750	7.421567e-07	-5.00000e-09	

Index   time            v3#branch       
--------------------------------------------------------------------------------
751	7.431567e-07	-5.00000e-09	
752	7.441567e-07	-5.00000e-09	
753	7.451567e-07	-5.00000e-09	
754	7.461567e-07	-5.00000e-09	
755	7.471567e-07	-5.00000e-09	
756	7.481567e-07	-5.00000e-09	
757	7.491567e-07	-5.00000e-09	
758	7.501567e-07	-5.00000e-09	
759	7.511567e-07	-5.00000e-09	
760	7.521567e-07	-5.00000e-09	
761	7.531567e-07	-5.00000e-09	
762	7.541567e-07	-5.00000e-09	
763	7.551567e-07	-5.00000e-09	
764	7.561567e-07	-5.00000e-09	
765	7.571567e-07	-5.00000e-09	
766	7.581567e-07	-5.00000e-09	
767	7.591567e-07	-5.00000e-09	
768	7.601567e-07	-5.00000e-09	
769	7.611567e-07	-5.00000e-09	
770	7.621567e-07	-5.00000e-09	
771	7.631567e-07	-5.00000e-09	
772	7.641567e-07	-5.00000e-09	
773	7.651567e-07	-5.00000e-09	
774	7.661567e-07	-5.00000e-09	
775	7.671567e-07	-5.00000e-09	
776	7.681567e-07	-5.00000e-09	
777	7.691567e-07	-5.00000e-09	
778	7.701567e-07	-5.00000e-09	
779	7.711567e-07	-5.00000e-09	
780	7.721567e-07	-5.00000e-09	
781	7.731567e-07	-5.00000e-09	
782	7.741567e-07	-5.00000e-09	
783	7.751567e-07	-5.00000e-09	
784	7.761567e-07	-5.00000e-09	
785	7.771567e-07	-5.00000e-09	
786	7.781567e-07	-5.00000e-09	
787	7.791567e-07	-5.00000e-09	
788	7.801567e-07	-5.00000e-09	
789	7.811567e-07	-5.00000e-09	
790	7.821567e-07	-5.00000e-09	
791	7.831567e-07	-5.00000e-09	
792	7.841567e-07	-5.00000e-09	
793	7.851567e-07	-5.00000e-09	
794	7.861567e-07	-5.00000e-09	
795	7.871567e-07	-5.00000e-09	
796	7.881567e-07	-5.00000e-09	
797	7.891567e-07	-5.00000e-09	
798	7.901567e-07	-5.00000e-09	
799	7.911567e-07	-5.00000e-09	
800	7.921567e-07	-5.00000e-09	
801	7.931567e-07	-5.00000e-09	
802	7.941567e-07	-5.00000e-09	
803	7.951567e-07	-5.00000e-09	
804	7.961567e-07	-5.00000e-09	
805	7.971567e-07	-5.00000e-09	
806	7.981567e-07	-5.00000e-09	
807	7.991567e-07	-5.00000e-09	
808	8.001567e-07	-5.00000e-09	

Index   time            v3#branch       
--------------------------------------------------------------------------------
809	8.011567e-07	-5.00000e-09	
810	8.021567e-07	-5.00000e-09	
811	8.031567e-07	-5.00000e-09	
812	8.041567e-07	-5.00000e-09	
813	8.051567e-07	-5.00000e-09	
814	8.061567e-07	-5.00000e-09	
815	8.071567e-07	-5.00000e-09	
816	8.081567e-07	-5.00000e-09	
817	8.091567e-07	-5.00000e-09	
818	8.101567e-07	-5.00000e-09	
819	8.111567e-07	-5.00000e-09	
820	8.121567e-07	-5.00000e-09	
821	8.131567e-07	-5.00000e-09	
822	8.141567e-07	-5.00000e-09	
823	8.151567e-07	-5.00000e-09	
824	8.161567e-07	-5.00000e-09	
825	8.171567e-07	-5.00000e-09	
826	8.181567e-07	-5.00000e-09	
827	8.191567e-07	-5.00000e-09	
828	8.201567e-07	-5.00000e-09	
829	8.211567e-07	-5.00000e-09	
830	8.221567e-07	-5.00000e-09	
831	8.231567e-07	-5.00000e-09	
832	8.241567e-07	-5.00000e-09	
833	8.251567e-07	-5.00000e-09	
834	8.261567e-07	-5.00000e-09	
835	8.271567e-07	-5.00000e-09	
836	8.281567e-07	-5.00000e-09	
837	8.291567e-07	-5.00000e-09	
838	8.301567e-07	-5.00000e-09	
839	8.311567e-07	-5.00000e-09	
840	8.321567e-07	-5.00000e-09	
841	8.331567e-07	-5.00000e-09	
842	8.341567e-07	-5.00000e-09	
843	8.351567e-07	-5.00000e-09	
844	8.361567e-07	-5.00000e-09	
845	8.371567e-07	-5.00000e-09	
846	8.381567e-07	-5.00000e-09	
847	8.391567e-07	-5.00000e-09	
848	8.401567e-07	-5.00000e-09	
849	8.411567e-07	-5.00000e-09	
850	8.421567e-07	-5.00000e-09	
851	8.431567e-07	-5.00000e-09	
852	8.441567e-07	-5.00000e-09	
853	8.451567e-07	-5.00000e-09	
854	8.461567e-07	-5.00000e-09	
855	8.471567e-07	-5.00000e-09	
856	8.481567e-07	-5.00000e-09	
857	8.491567e-07	-5.00000e-09	
858	8.501567e-07	-5.00000e-09	
859	8.511567e-07	-5.00000e-09	
860	8.521567e-07	-5.00000e-09	
861	8.531567e-07	-5.00000e-09	
862	8.541567e-07	-5.00000e-09	
863	8.551567e-07	-5.00000e-09	
864	8.561567e-07	-5.00000e-09	
865	8.571567e-07	-5.00000e-09	
866	8.581567e-07	-5.00000e-09	

Index   time            v3#branch       
--------------------------------------------------------------------------------
867	8.591567e-07	-5.00000e-09	
868	8.601567e-07	-5.00000e-09	
869	8.611567e-07	-5.00000e-09	
870	8.621567e-07	-5.00000e-09	
871	8.631567e-07	-5.00000e-09	
872	8.641567e-07	-5.00000e-09	
873	8.651567e-07	-5.00000e-09	
874	8.661567e-07	-5.00000e-09	
875	8.671567e-07	-5.00000e-09	
876	8.681567e-07	-5.00000e-09	
877	8.691567e-07	-5.00000e-09	
878	8.701567e-07	-5.00000e-09	
879	8.711567e-07	-5.00000e-09	
880	8.721567e-07	-5.00000e-09	
881	8.731567e-07	-5.00000e-09	
882	8.741567e-07	-5.00000e-09	
883	8.751567e-07	-5.00000e-09	
884	8.761567e-07	-5.00000e-09	
885	8.771567e-07	-5.00000e-09	
886	8.781567e-07	-5.00000e-09	
887	8.791567e-07	-5.00000e-09	
888	8.801567e-07	-5.00000e-09	
889	8.811567e-07	-5.00000e-09	
890	8.821567e-07	-5.00000e-09	
891	8.831567e-07	-5.00000e-09	
892	8.841567e-07	-5.00000e-09	
893	8.851567e-07	-5.00000e-09	
894	8.861567e-07	-5.00000e-09	
895	8.871567e-07	-5.00000e-09	
896	8.881567e-07	-5.00000e-09	
897	8.891567e-07	-5.00000e-09	
898	8.901567e-07	-5.00000e-09	
899	8.911567e-07	-5.00000e-09	
900	8.921567e-07	-5.00000e-09	
901	8.931567e-07	-5.00000e-09	
902	8.941567e-07	-5.00000e-09	
903	8.951567e-07	-5.00000e-09	
904	8.961567e-07	-5.00000e-09	
905	8.971567e-07	-5.00000e-09	
906	8.981567e-07	-5.00000e-09	
907	8.991567e-07	-5.00000e-09	
908	9.001567e-07	-5.00000e-09	
909	9.011567e-07	-5.00000e-09	
910	9.021567e-07	-5.00000e-09	
911	9.031567e-07	-5.00000e-09	
912	9.041567e-07	-5.00000e-09	
913	9.051567e-07	-5.00000e-09	
914	9.061567e-07	-5.00000e-09	
915	9.071567e-07	-5.00000e-09	
916	9.081567e-07	-5.00000e-09	
917	9.091567e-07	-5.00000e-09	
918	9.101567e-07	-5.00000e-09	
919	9.111567e-07	-5.00000e-09	
920	9.121567e-07	-5.00000e-09	
921	9.131567e-07	-5.00000e-09	
922	9.141567e-07	-5.00000e-09	
923	9.151567e-07	-5.00000e-09	
924	9.161567e-07	-5.00000e-09	

Index   time            v3#branch       
--------------------------------------------------------------------------------
925	9.171567e-07	-5.00000e-09	
926	9.181567e-07	-5.00000e-09	
927	9.191567e-07	-5.00000e-09	
928	9.201567e-07	-5.00000e-09	
929	9.211567e-07	-5.00000e-09	
930	9.221567e-07	-5.00000e-09	
931	9.231567e-07	-5.00000e-09	
932	9.241567e-07	-5.00000e-09	
933	9.251567e-07	-5.00000e-09	
934	9.261567e-07	-5.00000e-09	
935	9.271567e-07	-5.00000e-09	
936	9.281567e-07	-5.00000e-09	
937	9.291567e-07	-5.00000e-09	
938	9.301567e-07	-5.00000e-09	
939	9.311567e-07	-5.00000e-09	
940	9.321567e-07	-5.00000e-09	
941	9.331567e-07	-5.00000e-09	
942	9.341567e-07	-5.00000e-09	
943	9.351567e-07	-5.00000e-09	
944	9.361567e-07	-5.00000e-09	
945	9.371567e-07	-5.00000e-09	
946	9.381567e-07	-5.00000e-09	
947	9.391567e-07	-5.00000e-09	
948	9.401567e-07	-5.00000e-09	
949	9.411567e-07	-5.00000e-09	
950	9.421567e-07	-5.00000e-09	
951	9.431567e-07	-5.00000e-09	
952	9.441567e-07	-5.00000e-09	
953	9.451567e-07	-5.00000e-09	
954	9.461567e-07	-5.00000e-09	
955	9.471567e-07	-5.00000e-09	
956	9.481567e-07	-5.00000e-09	
957	9.491567e-07	-5.00000e-09	
958	9.501567e-07	-5.00000e-09	
959	9.511567e-07	-5.00000e-09	
960	9.521567e-07	-5.00000e-09	
961	9.531567e-07	-5.00000e-09	
962	9.541567e-07	-5.00000e-09	
963	9.551567e-07	-5.00000e-09	
964	9.561567e-07	-5.00000e-09	
965	9.571567e-07	-5.00000e-09	
966	9.581567e-07	-5.00000e-09	
967	9.591567e-07	-5.00000e-09	
968	9.601567e-07	-5.00000e-09	
969	9.611567e-07	-5.00000e-09	
970	9.621567e-07	-5.00000e-09	
971	9.631567e-07	-5.00000e-09	
972	9.641567e-07	-5.00000e-09	
973	9.651567e-07	-5.00000e-09	
974	9.661567e-07	-5.00000e-09	
975	9.671567e-07	-5.00000e-09	
976	9.681567e-07	-5.00000e-09	
977	9.691567e-07	-5.00000e-09	
978	9.701567e-07	-5.00000e-09	
979	9.711567e-07	-5.00000e-09	
980	9.721567e-07	-5.00000e-09	
981	9.731567e-07	-5.00000e-09	
982	9.741567e-07	-5.00000e-09	

Index   time            v3#branch       
--------------------------------------------------------------------------------
983	9.751567e-07	-5.00000e-09	
984	9.761567e-07	-5.00000e-09	
985	9.771567e-07	-5.00000e-09	
986	9.781567e-07	-5.00000e-09	
987	9.791567e-07	-5.00000e-09	
988	9.801567e-07	-5.00000e-09	
989	9.811567e-07	-5.00000e-09	
990	9.821567e-07	-5.00000e-09	
991	9.831567e-07	-5.00000e-09	
992	9.841567e-07	-5.00000e-09	
993	9.851567e-07	-5.00000e-09	
994	9.861567e-07	-5.00000e-09	
995	9.871567e-07	-5.00000e-09	
996	9.881567e-07	-5.00000e-09	
997	9.891567e-07	-5.00000e-09	
998	9.901567e-07	-5.00000e-09	
999	9.911567e-07	-5.00000e-09	
1000	9.921567e-07	-5.00000e-09	
1001	9.931567e-07	-5.00000e-09	
1002	9.941567e-07	-5.00000e-09	
1003	9.951567e-07	-5.00000e-09	
1004	9.961567e-07	-5.00000e-09	
1005	9.971567e-07	-5.00000e-09	
1006	9.981567e-07	-5.00000e-09	
1007	9.991567e-07	-5.00000e-09	
1008	1.000000e-06	-5.00000e-09	
